1000 0.000999001 -5.08005
0 0 0
0.00894125 -5.08005 0.00894125
0.0177837 -5.08005 0.0177837
0.0265283 -5.08005 0.0265283
0.0351761 -5.08005 0.0351761
0.0437279 -5.08005 0.0437279
0.0521848 -5.08005 0.0521848
0.0605478 -5.08005 0.0605478
0.0688177 -5.08005 0.0688177
0.0769954 -5.08005 0.0769954
0.0850819 -5.08005 0.0850819
0.0930781 -5.08005 0.0930781
0.100985 -5.08005 0.100985
0.108803 -5.08005 0.108803
0.116534 -5.08005 0.116534
0.124178 -5.08005 0.124178
0.131736 -5.08005 0.131736
0.139208 -5.08005 0.139208
0.146597 -5.08005 0.146597
0.153902 -5.08005 0.153902
0.161125 -5.08005 0.161125
0.168266 -5.08005 0.168266
0.175326 -5.08005 0.175326
0.182306 -5.08005 0.182306
0.189207 -5.08005 0.189207
0.196029 -5.08005 0.196029
0.202774 -5.08005 0.202774
0.209441 -5.08005 0.209441
0.216032 -5.08005 0.216032
0.222548 -5.08005 0.222548
0.228989 -5.08005 0.228989
0.235356 -5.08005 0.235356
0.24165 -5.08005 0.24165
0.247872 -5.08005 0.247872
0.254021 -5.08005 0.254021
0.2601 -5.08005 0.2601
0.266108 -5.08005 0.266108
0.272047 -5.08005 0.272047
0.277916 -5.08005 0.277916
0.283718 -5.08005 0.283718
0.289451 -5.08005 0.289451
0.295118 -5.08005 0.295118
0.300719 -5.08005 0.300719
0.306254 -5.08005 0.306254
0.311724 -5.08005 0.311724
0.317129 -5.08005 0.317129
0.322472 -5.08005 0.322472
0.327751 -5.08005 0.327751
0.332967 -5.08005 0.332967
0.338122 -5.08005 0.338122
0.343216 -5.08005 0.343216
0.348249 -5.08005 0.348249
0.353222 -5.08005 0.353222
0.358136 -5.08005 0.358136
0.362991 -5.08005 0.362991
0.367787 -5.08005 0.367787
0.372527 -5.08005 0.372527
0.377209 -5.08005 0.377209
0.381835 -5.08005 0.381835
0.386404 -5.08005 0.386404
0.390919 -5.08005 0.390919
0.395378 -5.08005 0.395378
0.399784 -5.08005 0.399784
0.404135 -5.08005 0.404135
0.408434 -5.08005 0.408434
0.41268 -5.08005 0.41268
0.416873 -5.08005 0.416873
0.421015 -5.08005 0.421015
0.425106 -5.08005 0.425106
0.429147 -5.08005 0.429147
0.433137 -5.08005 0.433137
0.437077 -5.08005 0.437077
0.440969 -5.08005 0.440969
0.444812 -5.08005 0.444812
0.448607 -5.08005 0.448607
0.452354 -5.08005 0.452354
0.456054 -5.08005 0.456054
0.459707 -5.08005 0.459707
0.463314 -5.08005 0.463314
0.466876 -5.08005 0.466876
0.470391 -5.08005 0.470391
0.473862 -5.08005 0.473862
0.477289 -5.08005 0.477289
0.480672 -5.08005 0.480672
0.484011 -5.08005 0.484011
0.487307 -5.08005 0.487307
0.49056 -5.08005 0.49056
0.493771 -5.08005 0.493771
0.49694 -5.08005 0.49694
0.500068 -5.08005 0.500068
0.503154 -5.08005 0.503154
0.506201 -5.08005 0.506201
0.509206 -5.08005 0.509206
0.512172 -5.08005 0.512172
0.515099 -5.08005 0.515099
0.517987 -5.08005 0.517987
0.520836 -5.08005 0.520836
0.523646 -5.08005 0.523646
0.526419 -5.08005 0.526419
0.529155 -5.08005 0.529155
0.531853 -5.08005 0.531853
0.534514 -5.08005 0.534514
0.537139 -5.08005 0.537139
0.539729 -5.08005 0.539729
0.542282 -5.08005 0.542282
0.5448 -5.08005 0.5448
0.547283 -5.08005 0.547283
0.549732 -5.08005 0.549732
0.552146 -5.08005 0.552146
0.554526 -5.08005 0.554526
0.556873 -5.08005 0.556873
0.559187 -5.08005 0.559187
0.561467 -5.08005 0.561467
0.563715 -5.08005 0.563715
0.565931 -5.08005 0.565931
0.568115 -5.08005 0.568115
0.570267 -5.08005 0.570267
0.572388 -5.08005 0.572388
0.574477 -5.08005 0.574477
0.576536 -5.08005 0.576536
0.578565 -5.08005 0.578565
0.580564 -5.08005 0.580564
0.582532 -5.08005 0.582532
0.584472 -5.08005 0.584472
0.586382 -5.08005 0.586382
0.588263 -5.08005 0.588263
0.590115 -5.08005 0.590115
0.59194 -5.08005 0.59194
0.593736 -5.08005 0.593736
0.595504 -5.08005 0.595504
0.597245 -5.08005 0.597245
0.598958 -5.08005 0.598958
0.600645 -5.08005 0.600645
0.602305 -5.08005 0.602305
0.603938 -5.08005 0.603938
0.605546 -5.08005 0.605546
0.607127 -5.08005 0.607127
0.608683 -5.08005 0.608683
0.610213 -5.08005 0.610213
0.611719 -5.08005 0.611719
0.613199 -5.08005 0.613199
0.614655 -5.08005 0.614655
0.616086 -5.08005 0.616086
0.617493 -5.08005 0.617493
0.618876 -5.08005 0.618876
0.620236 -5.08005 0.620236
0.621572 -5.08005 0.621572
0.622885 -5.08005 0.622885
0.624175 -5.08005 0.624175
0.625442 -5.08005 0.625442
0.626687 -5.08005 0.626687
0.627909 -5.08005 0.627909
0.629109 -5.08005 0.629109
0.630288 -5.08005 0.630288
0.631444 -5.08005 0.631444
0.63258 -5.08005 0.63258
0.633694 -5.08005 0.633694
0.634787 -5.08005 0.634787
0.635859 -5.08005 0.635859
0.636911 -5.08005 0.636911
0.637942 -5.08005 0.637942
0.638953 -5.08005 0.638953
0.639945 -5.08005 0.639945
0.640916 -5.08005 0.640916
0.641868 -5.08005 0.641868
0.6428 -5.08005 0.6428
0.643713 -5.08005 0.643713
0.644608 -5.08005 0.644608
0.645483 -5.08005 0.645483
0.64634 -5.08005 0.64634
0.647178 -5.08005 0.647178
0.647998 -5.08005 0.647998
0.6488 -5.08005 0.6488
0.649584 -5.08005 0.649584
0.650351 -5.08005 0.650351
0.651099 -5.08005 0.651099
0.651831 -5.08005 0.651831
0.652545 -5.08005 0.652545
0.653242 -5.08005 0.653242
0.653923 -5.08005 0.653923
0.654586 -5.08005 0.654586
0.655233 -5.08005 0.655233
0.655864 -5.08005 0.655864
0.656479 -5.08005 0.656479
0.657077 -5.08005 0.657077
0.65766 -5.08005 0.65766
0.658227 -5.08005 0.658227
0.658778 -5.08005 0.658778
0.659314 -5.08005 0.659314
0.659835 -5.08005 0.659835
0.66034 -5.08005 0.66034
0.660831 -5.08005 0.660831
0.661307 -5.08005 0.661307
0.661768 -5.08005 0.661768
0.662214 -5.08005 0.662214
0.662647 -5.08005 0.662647
0.663065 -5.08005 0.663065
0.663469 -5.08005 0.663469
0.663859 -5.08005 0.663859
0.664235 -5.08005 0.664235
0.664597 -5.08005 0.664597
0.664946 -5.08005 0.664946
0.665282 -5.08005 0.665282
0.665604 -5.08005 0.665604
0.665914 -5.08005 0.665914
0.66621 -5.08005 0.66621
0.666493 -5.08005 0.666493
0.666764 -5.08005 0.666764
0.667022 -5.08005 0.667022
0.667267 -5.08005 0.667267
0.6675 -5.08005 0.6675
0.667721 -5.08005 0.667721
0.66793 -5.08005 0.66793
0.668126 -5.08005 0.668126
0.668311 -5.08005 0.668311
0.668484 -5.08005 0.668484
0.668646 -5.08005 0.668646
0.668796 -5.08005 0.668796
0.668934 -5.08005 0.668934
0.669061 -5.08005 0.669061
0.669177 -5.08005 0.669177
0.669282 -5.08005 0.669282
0.669376 -5.08005 0.669376
0.669459 -5.08005 0.669459
0.669531 -5.08005 0.669531
0.669593 -5.08005 0.669593
0.669644 -5.08005 0.669644
0.669685 -5.08005 0.669685
0.669715 -5.08005 0.669715
0.669735 -5.08005 0.669735
0.669745 -5.08005 0.669745
0.669745 -5.08005 0.669745
0.669735 -5.08005 0.669735
0.669715 -5.08005 0.669715
0.669686 -5.08005 0.669686
0.669647 -5.08005 0.669647
0.669598 -5.08005 0.669598
0.66954 -5.08005 0.66954
0.669472 -5.08005 0.669472
0.669395 -5.08005 0.669395
0.669309 -5.08005 0.669309
0.669214 -5.08005 0.669214
0.66911 -5.08005 0.66911
0.668997 -5.08005 0.668997
0.668876 -5.08005 0.668876
0.668745 -5.08005 0.668745
0.668606 -5.08005 0.668606
0.668459 -5.08005 0.668459
0.668302 -5.08005 0.668302
0.668138 -5.08005 0.668138
0.667965 -5.08005 0.667965
0.667784 -5.08005 0.667784
0.667595 -5.08005 0.667595
0.667398 -5.08005 0.667398
0.667193 -5.08005 0.667193
0.66698 -5.08005 0.66698
0.666759 -5.08005 0.666759
0.666531 -5.08005 0.666531
0.666294 -5.08005 0.666294
0.666051 -5.08005 0.666051
0.665799 -5.08005 0.665799
0.665541 -5.08005 0.665541
0.665274 -5.08005 0.665274
0.665001 -5.08005 0.665001
0.66472 -5.08005 0.66472
0.664433 -5.08005 0.664433
0.664138 -5.08005 0.664138
0.663836 -5.08005 0.663836
0.663527 -5.08005 0.663527
0.663212 -5.08005 0.663212
0.662889 -5.08005 0.662889
0.66256 -5.08005 0.66256
0.662225 -5.08005 0.662225
0.661882 -5.08005 0.661882
0.661533 -5.08005 0.661533
0.661178 -5.08005 0.661178
0.660816 -5.08005 0.660816
0.660448 -5.08005 0.660448
0.660074 -5.08005 0.660074
0.659693 -5.08005 0.659693
0.659307 -5.08005 0.659307
0.658914 -5.08005 0.658914
0.658515 -5.08005 0.658515
0.65811 -5.08005 0.65811
0.657699 -5.08005 0.657699
0.657283 -5.08005 0.657283
0.656861 -5.08005 0.656861
0.656433 -5.08005 0.656433
0.655999 -5.08005 0.655999
0.655559 -5.08005 0.655559
0.655115 -5.08005 0.655115
0.654664 -5.08005 0.654664
0.654208 -5.08005 0.654208
0.653747 -5.08005 0.653747
0.65328 -5.08005 0.65328
0.652808 -5.08005 0.652808
0.652331 -5.08005 0.652331
0.651849 -5.08005 0.651849
0.651362 -5.08005 0.651362
0.650869 -5.08005 0.650869
0.650371 -5.08005 0.650371
0.649869 -5.08005 0.649869
0.649361 -5.08005 0.649361
0.648849 -5.08005 0.648849
0.648332 -5.08005 0.648332
0.64781 -5.08005 0.64781
0.647283 -5.08005 0.647283
0.646751 -5.08005 0.646751
0.646215 -5.08005 0.646215
0.645675 -5.08005 0.645675
0.645129 -5.08005 0.645129
0.64458 -5.08005 0.64458
0.644025 -5.08005 0.644025
0.643467 -5.08005 0.643467
0.642904 -5.08005 0.642904
0.642336 -5.08005 0.642336
0.641765 -5.08005 0.641765
0.641189 -5.08005 0.641189
0.640609 -5.08005 0.640609
0.640025 -5.08005 0.640025
0.639436 -5.08005 0.639436
0.638844 -5.08005 0.638844
0.638247 -5.08005 0.638247
0.637647 -5.08005 0.637647
0.637042 -5.08005 0.637042
0.636434 -5.08005 0.636434
0.635822 -5.08005 0.635822
0.635205 -5.08005 0.635205
0.634586 -5.08005 0.634586
0.633962 -5.08005 0.633962
0.633334 -5.08005 0.633334
0.632703 -5.08005 0.632703
0.632069 -5.08005 0.632069
0.63143 -5.08005 0.63143
0.630788 -5.08005 0.630788
0.630143 -5.08005 0.630143
0.629494 -5.08005 0.629494
0.628841 -5.08005 0.628841
0.628185 -5.08005 0.628185
0.627526 -5.08005 0.627526
0.626863 -5.08005 0.626863
0.626197 -5.08005 0.626197
0.625528 -5.08005 0.625528
0.624855 -5.08005 0.624855
0.624179 -5.08005 0.624179
0.6235 -5.08005 0.6235
0.622818 -5.08005 0.622818
0.622132 -5.08005 0.622132
0.621444 -5.08005 0.621444
0.620752 -5.08005 0.620752
0.620057 -5.08005 0.620057
0.619359 -5.08005 0.619359
0.618659 -5.08005 0.618659
0.617955 -5.08005 0.617955
0.617248 -5.08005 0.617248
0.616539 -5.08005 0.616539
0.615827 -5.08005 0.615827
0.615111 -5.08005 0.615111
0.614393 -5.08005 0.614393
0.613672 -5.08005 0.613672
0.612949 -5.08005 0.612949
0.612222 -5.08005 0.612222
0.611493 -5.08005 0.611493
0.610762 -5.08005 0.610762
0.610027 -5.08005 0.610027
0.60929 -5.08005 0.60929
0.60855 -5.08005 0.60855
0.607808 -5.08005 0.607808
0.607063 -5.08005 0.607063
0.606316 -5.08005 0.606316
0.605566 -5.08005 0.605566
0.604814 -5.08005 0.604814
0.604059 -5.08005 0.604059
0.603302 -5.08005 0.603302
0.602543 -5.08005 0.602543
0.601781 -5.08005 0.601781
0.601016 -5.08005 0.601016
0.60025 -5.08005 0.60025
0.599481 -5.08005 0.599481
0.59871 -5.08005 0.59871
0.597936 -5.08005 0.597936
0.59716 -5.08005 0.59716
0.596382 -5.08005 0.596382
0.595602 -5.08005 0.595602
0.59482 -5.08005 0.59482
0.594035 -5.08005 0.594035
0.593249 -5.08005 0.593249
0.59246 -5.08005 0.59246
0.591669 -5.08005 0.591669
0.590876 -5.08005 0.590876
0.590081 -5.08005 0.590081
0.589285 -5.08005 0.589285
0.588486 -5.08005 0.588486
0.587685 -5.08005 0.587685
0.586882 -5.08005 0.586882
0.586077 -5.08005 0.586077
0.58527 -5.08005 0.58527
0.584461 -5.08005 0.584461
0.583651 -5.08005 0.583651
0.582838 -5.08005 0.582838
0.582024 -5.08005 0.582024
0.581208 -5.08005 0.581208
0.58039 -5.08005 0.58039
0.57957 -5.08005 0.57957
0.578748 -5.08005 0.578748
0.577925 -5.08005 0.577925
0.5771 -5.08005 0.5771
0.576273 -5.08005 0.576273
0.575445 -5.08005 0.575445
0.574615 -5.08005 0.574615
0.573783 -5.08005 0.573783
0.572949 -5.08005 0.572949
0.572114 -5.08005 0.572114
0.571277 -5.08005 0.571277
0.570439 -5.08005 0.570439
0.569599 -5.08005 0.569599
0.568757 -5.08005 0.568757
0.567914 -5.08005 0.567914
0.567069 -5.08005 0.567069
0.566223 -5.08005 0.566223
0.565375 -5.08005 0.565375
0.564526 -5.08005 0.564526
0.563675 -5.08005 0.563675
0.562823 -5.08005 0.562823
0.561969 -5.08005 0.561969
0.561114 -5.08005 0.561114
0.560258 -5.08005 0.560258
0.5594 -5.08005 0.5594
0.55854 -5.08005 0.55854
0.55768 -5.08005 0.55768
0.556817 -5.08005 0.556817
0.555954 -5.08005 0.555954
0.555089 -5.08005 0.555089
0.554223 -5.08005 0.554223
0.553355 -5.08005 0.553355
0.552487 -5.08005 0.552487
0.551617 -5.08005 0.551617
0.550745 -5.08005 0.550745
0.549873 -5.08005 0.549873
0.548999 -5.08005 0.548999
0.548124 -5.08005 0.548124
0.547247 -5.08005 0.547247
0.54637 -5.08005 0.54637
0.545491 -5.08005 0.545491
0.544611 -5.08005 0.544611
0.54373 -5.08005 0.54373
0.542847 -5.08005 0.542847
0.541964 -5.08005 0.541964
0.541079 -5.08005 0.541079
0.540193 -5.08005 0.540193
0.539306 -5.08005 0.539306
0.538418 -5.08005 0.538418
0.537529 -5.08005 0.537529
0.536639 -5.08005 0.536639
0.535748 -5.08005 0.535748
0.534855 -5.08005 0.534855
0.533962 -5.08005 0.533962
0.533067 -5.08005 0.533067
0.532172 -5.08005 0.532172
0.531275 -5.08005 0.531275
0.530378 -5.08005 0.530378
0.529479 -5.08005 0.529479
0.52858 -5.08005 0.52858
0.527679 -5.08005 0.527679
0.526778 -5.08005 0.526778
0.525875 -5.08005 0.525875
0.524972 -5.08005 0.524972
0.524067 -5.08005 0.524067
0.523162 -5.08005 0.523162
0.522256 -5.08005 0.522256
0.521348 -5.08005 0.521348
0.52044 -5.08005 0.52044
0.519531 -5.08005 0.519531
0.518621 -5.08005 0.518621
0.517711 -5.08005 0.517711
0.516799 -5.08005 0.516799
0.515886 -5.08005 0.515886
0.514973 -5.08005 0.514973
0.514059 -5.08005 0.514059
0.513144 -5.08005 0.513144
0.512228 -5.08005 0.512228
0.511311 -5.08005 0.511311
0.510393 -5.08005 0.510393
0.509475 -5.08005 0.509475
0.508556 -5.08005 0.508556
0.507636 -5.08005 0.507636
0.506715 -5.08005 0.506715
0.505794 -5.08005 0.505794
0.504871 -5.08005 0.504871
0.503948 -5.08005 0.503948
0.503024 -5.08005 0.503024
0.5021 -5.08005 0.5021
0.501175 -5.08005 0.501175
0.500249 -5.08005 0.500249
0.499322 -5.08005 0.499322
0.498394 -5.08005 0.498394
0.497466 -5.08005 0.497466
0.496537 -5.08005 0.496537
0.495608 -5.08005 0.495608
0.494677 -5.08005 0.494677
0.493746 -5.08005 0.493746
0.492815 -5.08005 0.492815
0.491882 -5.08005 0.491882
0.490949 -5.08005 0.490949
0.490016 -5.08005 0.490016
0.489082 -5.08005 0.489082
0.488147 -5.08005 0.488147
0.487211 -5.08005 0.487211
0.486275 -5.08005 0.486275
0.485338 -5.08005 0.485338
0.484401 -5.08005 0.484401
0.483463 -5.08005 0.483463
0.482524 -5.08005 0.482524
0.481585 -5.08005 0.481585
0.480645 -5.08005 0.480645
0.479705 -5.08005 0.479705
0.478764 -5.08005 0.478764
0.477822 -5.08005 0.477822
0.47688 -5.08005 0.47688
0.475937 -5.08005 0.475937
0.474994 -5.08005 0.474994
0.47405 -5.08005 0.47405
0.473106 -5.08005 0.473106
0.472161 -5.08005 0.472161
0.471215 -5.08005 0.471215
0.470269 -5.08005 0.470269
0.469323 -5.08005 0.469323
0.468376 -5.08005 0.468376
0.467428 -5.08005 0.467428
0.46648 -5.08005 0.46648
0.465532 -5.08005 0.465532
0.464582 -5.08005 0.464582
0.463633 -5.08005 0.463633
0.462683 -5.08005 0.462683
0.461732 -5.08005 0.461732
0.460781 -5.08005 0.460781
0.45983 -5.08005 0.45983
0.458878 -5.08005 0.458878
0.457925 -5.08005 0.457925
0.456973 -5.08005 0.456973
0.456019 -5.08005 0.456019
0.455065 -5.08005 0.455065
0.454111 -5.08005 0.454111
0.453156 -5.08005 0.453156
0.452201 -5.08005 0.452201
0.451246 -5.08005 0.451246
0.45029 -5.08005 0.45029
0.449333 -5.08005 0.449333
0.448376 -5.08005 0.448376
0.447419 -5.08005 0.447419
0.446461 -5.08005 0.446461
0.445503 -5.08005 0.445503
0.444545 -5.08005 0.444545
0.443586 -5.08005 0.443586
0.442627 -5.08005 0.442627
0.441667 -5.08005 0.441667
0.440707 -5.08005 0.440707
0.439746 -5.08005 0.439746
0.438785 -5.08005 0.438785
0.437824 -5.08005 0.437824
0.436863 -5.08005 0.436863
0.435901 -5.08005 0.435901
0.434938 -5.08005 0.434938
0.433976 -5.08005 0.433976
0.433012 -5.08005 0.433012
0.432049 -5.08005 0.432049
0.431085 -5.08005 0.431085
0.430121 -5.08005 0.430121
0.429157 -5.08005 0.429157
0.428192 -5.08005 0.428192
0.427227 -5.08005 0.427227
0.426261 -5.08005 0.426261
0.425295 -5.08005 0.425295
0.424329 -5.08005 0.424329
0.423363 -5.08005 0.423363
0.422396 -5.08005 0.422396
0.421429 -5.08005 0.421429
0.420461 -5.08005 0.420461
0.419494 -5.08005 0.419494
0.418525 -5.08005 0.418525
0.417557 -5.08005 0.417557
0.416588 -5.08005 0.416588
0.415619 -5.08005 0.415619
0.41465 -5.08005 0.41465
0.413681 -5.08005 0.413681
0.412711 -5.08005 0.412711
0.411741 -5.08005 0.411741
0.41077 -5.08005 0.41077
0.409799 -5.08005 0.409799
0.408828 -5.08005 0.408828
0.407857 -5.08005 0.407857
0.406886 -5.08005 0.406886
0.405914 -5.08005 0.405914
0.404942 -5.08005 0.404942
0.403969 -5.08005 0.403969
0.402997 -5.08005 0.402997
0.402024 -5.08005 0.402024
0.401051 -5.08005 0.401051
0.400077 -5.08005 0.400077
0.399104 -5.08005 0.399104
0.39813 -5.08005 0.39813
0.397155 -5.08005 0.397155
0.396181 -5.08005 0.396181
0.395206 -5.08005 0.395206
0.394232 -5.08005 0.394232
0.393256 -5.08005 0.393256
0.392281 -5.08005 0.392281
0.391305 -5.08005 0.391305
0.39033 -5.08005 0.39033
0.389354 -5.08005 0.389354
0.388377 -5.08005 0.388377
0.387401 -5.08005 0.387401
0.386424 -5.08005 0.386424
0.385447 -5.08005 0.385447
0.38447 -5.08005 0.38447
0.383492 -5.08005 0.383492
0.382515 -5.08005 0.382515
0.381537 -5.08005 0.381537
0.380559 -5.08005 0.380559
0.379581 -5.08005 0.379581
0.378602 -5.08005 0.378602
0.377624 -5.08005 0.377624
0.376645 -5.08005 0.376645
0.375666 -5.08005 0.375666
0.374687 -5.08005 0.374687
0.373707 -5.08005 0.373707
0.372727 -5.08005 0.372727
0.371748 -5.08005 0.371748
0.370768 -5.08005 0.370768
0.369787 -5.08005 0.369787
0.368807 -5.08005 0.368807
0.367826 -5.08005 0.367826
0.366846 -5.08005 0.366846
0.365865 -5.08005 0.365865
0.364884 -5.08005 0.364884
0.363902 -5.08005 0.363902
0.362921 -5.08005 0.362921
0.361939 -5.08005 0.361939
0.360957 -5.08005 0.360957
0.359975 -5.08005 0.359975
0.358993 -5.08005 0.358993
0.358011 -5.08005 0.358011
0.357028 -5.08005 0.357028
0.356046 -5.08005 0.356046
0.355063 -5.08005 0.355063
0.35408 -5.08005 0.35408
0.353097 -5.08005 0.353097
0.352113 -5.08005 0.352113
0.35113 -5.08005 0.35113
0.350146 -5.08005 0.350146
0.349163 -5.08005 0.349163
0.348179 -5.08005 0.348179
0.347195 -5.08005 0.347195
0.346211 -5.08005 0.346211
0.345226 -5.08005 0.345226
0.344242 -5.08005 0.344242
0.343257 -5.08005 0.343257
0.342272 -5.08005 0.342272
0.341287 -5.08005 0.341287
0.340302 -5.08005 0.340302
0.339317 -5.08005 0.339317
0.338332 -5.08005 0.338332
0.337346 -5.08005 0.337346
0.336361 -5.08005 0.336361
0.335375 -5.08005 0.335375
0.334389 -5.08005 0.334389
0.333403 -5.08005 0.333403
0.332417 -5.08005 0.332417
0.331431 -5.08005 0.331431
0.330444 -5.08005 0.330444
0.329458 -5.08005 0.329458
0.328471 -5.08005 0.328471
0.327484 -5.08005 0.327484
0.326498 -5.08005 0.326498
0.325511 -5.08005 0.325511
0.324523 -5.08005 0.324523
0.323536 -5.08005 0.323536
0.322549 -5.08005 0.322549
0.321561 -5.08005 0.321561
0.320574 -5.08005 0.320574
0.319586 -5.08005 0.319586
0.318598 -5.08005 0.318598
0.31761 -5.08005 0.31761
0.316622 -5.08005 0.316622
0.315634 -5.08005 0.315634
0.314646 -5.08005 0.314646
0.313658 -5.08005 0.313658
0.312669 -5.08005 0.312669
0.311681 -5.08005 0.311681
0.310692 -5.08005 0.310692
0.309703 -5.08005 0.309703
0.308714 -5.08005 0.308714
0.307725 -5.08005 0.307725
0.306736 -5.08005 0.306736
0.305747 -5.08005 0.305747
0.304758 -5.08005 0.304758
0.303769 -5.08005 0.303769
0.302779 -5.08005 0.302779
0.30179 -5.08005 0.30179
0.3008 -5.08005 0.3008
0.29981 -5.08005 0.29981
0.29882 -5.08005 0.29882
0.297831 -5.08005 0.297831
0.296841 -5.08005 0.296841
0.29585 -5.08005 0.29585
0.29486 -5.08005 0.29486
0.29387 -5.08005 0.29387
0.29288 -5.08005 0.29288
0.291889 -5.08005 0.291889
0.290899 -5.08005 0.290899
0.289908 -5.08005 0.289908
0.288917 -5.08005 0.288917
0.287927 -5.08005 0.287927
0.286936 -5.08005 0.286936
0.285945 -5.08005 0.285945
0.284954 -5.08005 0.284954
0.283963 -5.08005 0.283963
0.282972 -5.08005 0.282972
0.28198 -5.08005 0.28198
0.280989 -5.08005 0.280989
0.279998 -5.08005 0.279998
0.279006 -5.08005 0.279006
0.278015 -5.08005 0.278015
0.277023 -5.08005 0.277023
0.276031 -5.08005 0.276031
0.27504 -5.08005 0.27504
0.274048 -5.08005 0.274048
0.273056 -5.08005 0.273056
0.272064 -5.08005 0.272064
0.271072 -5.08005 0.271072
0.27008 -5.08005 0.27008
0.269087 -5.08005 0.269087
0.268095 -5.08005 0.268095
0.267103 -5.08005 0.267103
0.266111 -5.08005 0.266111
0.265118 -5.08005 0.265118
0.264126 -5.08005 0.264126
0.263133 -5.08005 0.263133
0.26214 -5.08005 0.26214
0.261148 -5.08005 0.261148
0.260155 -5.08005 0.260155
0.259162 -5.08005 0.259162
0.258169 -5.08005 0.258169
0.257176 -5.08005 0.257176
0.256183 -5.08005 0.256183
0.25519 -5.08005 0.25519
0.254197 -5.08005 0.254197
0.253204 -5.08005 0.253204
0.252211 -5.08005 0.252211
0.251217 -5.08005 0.251217
0.250224 -5.08005 0.250224
0.249231 -5.08005 0.249231
0.248237 -5.08005 0.248237
0.247244 -5.08005 0.247244
0.24625 -5.08005 0.24625
0.245256 -5.08005 0.245256
0.244263 -5.08005 0.244263
0.243269 -5.08005 0.243269
0.242275 -5.08005 0.242275
0.241281 -5.08005 0.241281
0.240287 -5.08005 0.240287
0.239294 -5.08005 0.239294
0.2383 -5.08005 0.2383
0.237305 -5.08005 0.237305
0.236311 -5.08005 0.236311
0.235317 -5.08005 0.235317
0.234323 -5.08005 0.234323
0.233329 -5.08005 0.233329
0.232335 -5.08005 0.232335
0.23134 -5.08005 0.23134
0.230346 -5.08005 0.230346
0.229352 -5.08005 0.229352
0.228357 -5.08005 0.228357
0.227363 -5.08005 0.227363
0.226368 -5.08005 0.226368
0.225373 -5.08005 0.225373
0.224379 -5.08005 0.224379
0.223384 -5.08005 0.223384
0.222389 -5.08005 0.222389
0.221395 -5.08005 0.221395
0.2204 -5.08005 0.2204
0.219405 -5.08005 0.219405
0.21841 -5.08005 0.21841
0.217415 -5.08005 0.217415
0.21642 -5.08005 0.21642
0.215425 -5.08005 0.215425
0.21443 -5.08005 0.21443
0.213435 -5.08005 0.213435
0.21244 -5.08005 0.21244
0.211445 -5.08005 0.211445
0.21045 -5.08005 0.21045
0.209454 -5.08005 0.209454
0.208459 -5.08005 0.208459
0.207464 -5.08005 0.207464
0.206468 -5.08005 0.206468
0.205473 -5.08005 0.205473
0.204478 -5.08005 0.204478
0.203482 -5.08005 0.203482
0.202487 -5.08005 0.202487
0.201491 -5.08005 0.201491
0.200496 -5.08005 0.200496
0.1995 -5.08005 0.1995
0.198504 -5.08005 0.198504
0.197509 -5.08005 0.197509
0.196513 -5.08005 0.196513
0.195517 -5.08005 0.195517
0.194522 -5.08005 0.194522
0.193526 -5.08005 0.193526
0.19253 -5.08005 0.19253
0.191534 -5.08005 0.191534
0.190538 -5.08005 0.190538
0.189542 -5.08005 0.189542
0.188546 -5.08005 0.188546
0.187551 -5.08005 0.187551
0.186555 -5.08005 0.186555
0.185559 -5.08005 0.185559
0.184562 -5.08005 0.184562
0.183566 -5.08005 0.183566
0.18257 -5.08005 0.18257
0.181574 -5.08005 0.181574
0.180578 -5.08005 0.180578
0.179582 -5.08005 0.179582
0.178586 -5.08005 0.178586
0.177589 -5.08005 0.177589
0.176593 -5.08005 0.176593
0.175597 -5.08005 0.175597
0.1746 -5.08005 0.1746
0.173604 -5.08005 0.173604
0.172608 -5.08005 0.172608
0.171611 -5.08005 0.171611
0.170615 -5.08005 0.170615
0.169618 -5.08005 0.169618
0.168622 -5.08005 0.168622
0.167625 -5.08005 0.167625
0.166629 -5.08005 0.166629
0.165632 -5.08005 0.165632
0.164636 -5.08005 0.164636
0.163639 -5.08005 0.163639
0.162642 -5.08005 0.162642
0.161646 -5.08005 0.161646
0.160649 -5.08005 0.160649
0.159652 -5.08005 0.159652
0.158656 -5.08005 0.158656
0.157659 -5.08005 0.157659
0.156662 -5.08005 0.156662
0.155665 -5.08005 0.155665
0.154669 -5.08005 0.154669
0.153672 -5.08005 0.153672
0.152675 -5.08005 0.152675
0.151678 -5.08005 0.151678
0.150681 -5.08005 0.150681
0.149684 -5.08005 0.149684
0.148687 -5.08005 0.148687
0.14769 -5.08005 0.14769
0.146693 -5.08005 0.146693
0.145697 -5.08005 0.145697
0.1447 -5.08005 0.1447
0.143702 -5.08005 0.143702
0.142705 -5.08005 0.142705
0.141708 -5.08005 0.141708
0.140711 -5.08005 0.140711
0.139714 -5.08005 0.139714
0.138717 -5.08005 0.138717
0.13772 -5.08005 0.13772
0.136723 -5.08005 0.136723
0.135726 -5.08005 0.135726
0.134728 -5.08005 0.134728
0.133731 -5.08005 0.133731
0.132734 -5.08005 0.132734
0.131737 -5.08005 0.131737
0.130739 -5.08005 0.130739
0.129742 -5.08005 0.129742
0.128745 -5.08005 0.128745
0.127748 -5.08005 0.127748
0.12675 -5.08005 0.12675
0.125753 -5.08005 0.125753
0.124756 -5.08005 0.124756
0.123758 -5.08005 0.123758
0.122761 -5.08005 0.122761
0.121763 -5.08005 0.121763
0.120766 -5.08005 0.120766
0.119769 -5.08005 0.119769
0.118771 -5.08005 0.118771
0.117774 -5.08005 0.117774
0.116776 -5.08005 0.116776
0.115779 -5.08005 0.115779
0.114781 -5.08005 0.114781
0.113784 -5.08005 0.113784
0.112786 -5.08005 0.112786
0.111789 -5.08005 0.111789
0.110791 -5.08005 0.110791
0.109793 -5.08005 0.109793
0.108796 -5.08005 0.108796
0.107798 -5.08005 0.107798
0.106801 -5.08005 0.106801
0.105803 -5.08005 0.105803
0.104805 -5.08005 0.104805
0.103808 -5.08005 0.103808
0.10281 -5.08005 0.10281
0.101812 -5.08005 0.101812
0.100815 -5.08005 0.100815
0.0998168 -5.08005 0.0998168
0.0988191 -5.08005 0.0988191
0.0978214 -5.08005 0.0978214
0.0968236 -5.08005 0.0968236
0.0958259 -5.08005 0.0958259
0.0948281 -5.08005 0.0948281
0.0938303 -5.08005 0.0938303
0.0928325 -5.08005 0.0928325
0.0918347 -5.08005 0.0918347
0.0908369 -5.08005 0.0908369
0.0898391 -5.08005 0.0898391
0.0888413 -5.08005 0.0888413
0.0878434 -5.08005 0.0878434
0.0868455 -5.08005 0.0868455
0.0858477 -5.08005 0.0858477
0.0848498 -5.08005 0.0848498
0.0838519 -5.08005 0.0838519
0.082854 -5.08005 0.082854
0.0818561 -5.08005 0.0818561
0.0808582 -5.08005 0.0808582
0.0798602 -5.08005 0.0798602
0.0788623 -5.08005 0.0788623
0.0778643 -5.08005 0.0778643
0.0768664 -5.08005 0.0768664
0.0758684 -5.08005 0.0758684
0.0748704 -5.08005 0.0748704
0.0738724 -5.08005 0.0738724
0.0728744 -5.08005 0.0728744
0.0718764 -5.08005 0.0718764
0.0708784 -5.08005 0.0708784
0.0698804 -5.08005 0.0698804
0.0688823 -5.08005 0.0688823
0.0678843 -5.08005 0.0678843
0.0668862 -5.08005 0.0668862
0.0658881 -5.08005 0.0658881
0.0648901 -5.08005 0.0648901
0.063892 -5.08005 0.063892
0.0628939 -5.08005 0.0628939
0.0618958 -5.08005 0.0618958
0.0608977 -5.08005 0.0608977
0.0598996 -5.08005 0.0598996
0.0589014 -5.08005 0.0589014
0.0579033 -5.08005 0.0579033
0.0569052 -5.08005 0.0569052
0.055907 -5.08005 0.055907
0.0549089 -5.08005 0.0549089
0.0539107 -5.08005 0.0539107
0.0529125 -5.08005 0.0529125
0.0519143 -5.08005 0.0519143
0.0509161 -5.08005 0.0509161
0.049918 -5.08005 0.049918
0.0489197 -5.08005 0.0489197
0.0479215 -5.08005 0.0479215
0.0469233 -5.08005 0.0469233
0.0459251 -5.08005 0.0459251
0.0449269 -5.08005 0.0449269
0.0439286 -5.08005 0.0439286
0.0429304 -5.08005 0.0429304
0.0419321 -5.08005 0.0419321
0.0409339 -5.08005 0.0409339
0.0399356 -5.08005 0.0399356
0.0389373 -5.08005 0.0389373
0.037939 -5.08005 0.037939
0.0369407 -5.08005 0.0369407
0.0359425 -5.08005 0.0359425
0.0349442 -5.08005 0.0349442
0.0339458 -5.08005 0.0339458
0.0329475 -5.08005 0.0329475
0.0319492 -5.08005 0.0319492
0.0309509 -5.08005 0.0309509
0.0299526 -5.08005 0.0299526
0.0289542 -5.08005 0.0289542
0.0279559 -5.08005 0.0279559
0.0269575 -5.08005 0.0269575
0.0259592 -5.08005 0.0259592
0.0249608 -5.08005 0.0249608
0.0239624 -5.08005 0.0239624
0.0229641 -5.08005 0.0229641
0.0219657 -5.08005 0.0219657
0.0209673 -5.08005 0.0209673
0.0199689 -5.08005 0.0199689
0.0189705 -5.08005 0.0189705
0.0179721 -5.08005 0.0179721
0.0169737 -5.08005 0.0169737
0.0159753 -5.08005 0.0159753
0.0149769 -5.08005 0.0149769
0.0139784 -5.08005 0.0139784
0.01298 -5.08005 0.01298
0.0119816 -5.08005 0.0119816
0.0109831 -5.08005 0.0109831
0.0099847 -5.08005 0.0099847
0.00898626 -5.08005 0.00898626
0.0079878 -5.08005 0.0079878
0.00698934 -5.08005 0.00698934
0.00599088 -5.08005 0.00599088
0.00499241 -5.08005 0.00499241
0.00399394 -5.08005 0.00399394
0.00299546 -5.08005 0.00299546
0.00199698 -5.08005 0.00199698
0.000998492 -5.08005 0.000998492
0 0 0
