Parameters (omega ignored when numberOfElectrons = 1):
n: 200
numberOfElectrons: 2
rhoFinal: 50
omega: 0.5
Tolerance: 1e-10
Iterations needed: 34420
Calculation time; 2.1376

Eigenvalues
2.22507
4.11139
6.017
7.92397
9.8248
11.7156
13.5942
15.4591
17.3092
19.1438
20.9621
22.7636
24.5477
26.314
28.062
29.7912
31.5012
33.1915
34.8616
36.511
38.139
39.7453
41.3291
42.8897
44.4265
45.9387
47.4253
48.8855
50.3181
51.7219
53.0956
54.4375
55.7458
57.0181
58.2518
59.4432
60.5879
61.6792
62.7065
63.6469
64.4662
65.246
66.1461
67.1642
68.2655
69.4337
70.6603
71.9401
73.2694
74.6454
76.0661
77.5298
79.0351
80.5809
82.1663
83.7903
85.4524
87.1519
88.8883
90.661
92.4698
94.3142
96.1939
98.1085
100.058
102.042
104.06
106.112
108.198
110.318
112.471
114.658
116.878
119.132
121.418
123.737
126.089
128.474
130.892
133.342
135.825
138.34
140.887
143.467
146.08
148.724
151.401
154.11
156.851
159.624
162.429
165.267
168.136
171.037
173.97
176.935
179.931
182.96
186.02
189.112
192.236
195.392
198.579
201.798
205.049
208.332
211.646
214.991
218.369
221.778
225.218
228.69
232.194
235.729
239.296
242.895
246.525
250.186
253.879
257.603
261.359
265.147
268.966
272.816
276.698
280.611
284.556
288.532
292.54
296.579
300.649
304.751
308.884
313.049
317.245
321.473
325.732
330.022
334.344
338.697
343.081
347.497
351.945
356.423
360.933
365.475
370.047
374.651
379.287
383.954
388.652
393.381
398.142
402.934
407.758
412.612
417.499
422.416
427.365
432.345
437.357
442.4
447.474
452.579
457.716
462.884
468.083
473.314
478.576
483.87
489.194
494.55
499.938
505.356
510.806
516.287
521.8
527.344
532.919
538.525
544.163
549.832
555.532
561.264
567.027
572.821
578.646
584.503
590.391
596.311
602.261
608.246
614.279
620.428
626.88
633.924
641.855
650.986
661.83
675.724
