Parameters (omega ignored when numberOfElectrons = 1):
n: 200
numberOfElectrons: 2
rhoFinal: 50
omega: 1.5
Tolerance: 1e-10
Iterations needed: 10210
Calculation time; 0.678329

Eigenvalues
5.76327
11.4029
16.9686
22.4127
27.7122
32.8511
37.8147
42.5875
47.1513
51.4825
55.5481
59.2937
62.6165
65.5117
68.5621
72.1723
76.2637
80.7567
85.6125
90.809
96.3319
102.172
108.321
114.775
121.529
128.58
135.926
143.565
151.495
159.715
168.223
177.019
186.102
195.471
205.126
215.066
225.291
235.8
246.593
257.67
269.031
280.675
292.602
304.812
317.305
330.08
343.138
356.479
370.102
384.007
398.194
412.664
427.415
442.449
457.765
473.362
489.241
505.402
521.845
538.57
555.576
572.864
590.434
608.285
626.418
644.832
663.528
682.506
701.765
721.305
741.128
761.231
781.616
802.283
823.231
844.46
865.971
887.763
909.837
932.192
954.829
977.747
1000.95
1024.43
1048.19
1072.23
1096.56
1121.16
1146.05
1171.22
1196.67
1222.4
1248.41
1274.71
1301.28
1328.14
1355.28
1382.7
1410.4
1438.38
1466.64
1495.19
1524.02
1553.12
1582.51
1612.18
1642.13
1672.37
1702.88
1733.67
1764.75
1796.11
1827.75
1859.67
1891.87
1924.35
1957.12
1990.16
2023.49
2057.1
2090.99
2125.16
2159.61
2194.34
2229.36
2264.65
2300.23
2336.09
2372.23
2408.65
2445.35
2482.33
2519.6
2557.14
2594.97
2633.08
2671.47
2710.14
2749.09
2788.33
2827.84
2867.64
2907.71
2948.07
2988.71
3029.63
3070.83
3112.32
3154.08
3196.13
3238.46
3281.07
3323.96
3367.13
3410.58
3454.31
3498.33
3542.62
3587.2
3632.06
3677.2
3722.62
3768.32
3814.31
3860.57
3907.12
3953.95
4001.06
4048.45
4096.12
4144.07
4192.3
4240.82
4289.62
4338.69
4388.05
4437.69
4487.61
4537.82
4588.3
4639.07
4690.11
4741.44
4793.05
4844.94
4897.11
4949.56
5002.3
5055.31
5108.61
5162.19
5216.05
5270.19
5324.61
5379.31
5434.29
5489.56
5545.11
5601.1
5661.41
