Parameters (omega ignored when numberOfElectrons = 1):
n: 200
numberOfElectrons: 2
rhoFinal: 2
omega: 10
Tolerance: 1e-10
Iterations needed: 72605
Calculation time; 3.22978

Eigenvalues
33.4896
72.9272
112.591
152.346
192.146
231.971
271.831
311.905
353.014
396.918
445.317
498.94
557.858
621.958
691.122
765.257
844.288
928.159
1016.82
1110.23
1208.35
1311.14
1418.57
1530.61
1647.22
1768.37
1894.03
2024.17
2158.74
2297.72
2441.06
2588.74
2740.72
2896.95
3057.4
3222.03
3390.79
3563.65
3740.57
3921.49
4106.38
4295.19
4487.87
4684.37
4884.65
5088.66
5296.35
5507.67
5722.56
5940.97
6162.86
6388.16
6616.82
6848.78
7083.99
7322.39
7563.92
7808.52
8056.14
8306.7
8560.16
8816.45
9075.5
9337.26
9601.65
9868.62
10138.1
10410
10684.3
10960.9
11239.8
11520.8
11803.9
12089.1
12376.2
12665.2
12956.1
13248.7
13543
13838.9
14136.3
14435.2
14735.5
15037.2
15340
15644.1
15949.2
16255.4
16562.5
16870.4
17179.2
17488.7
17798.9
18109.6
18420.8
18732.4
19044.4
19356.7
19669.1
19981.6
20294.2
20606.8
20919.2
21231.5
21543.4
21855.1
22166.3
22477
22787.1
23096.6
23405.4
23713.4
24020.5
24326.7
24631.8
24935.8
25238.7
25540.3
25840.6
26139.5
26436.9
26732.8
27027.1
27319.7
27610.6
27899.6
28186.7
28471.9
28755
29036
29314.8
29591.4
29865.7
30137.6
30407.1
30674.1
30938.4
31200.2
31459.2
31715.5
31969
32219.5
32467.1
32711.7
32953.2
33191.6
33426.8
33658.8
33887.4
34112.7
34334.5
34552.9
34767.8
34979.1
35186.8
35390.8
35591
35787.5
35980.2
36169
36353.8
36534.8
36711.6
36884.5
37053.2
37217.8
37378.3
37534.5
37686.4
37834.1
37977.4
38116.3
38250.9
38381
38506.6
38627.8
38744.3
38856.4
38963.8
39066.5
39164.7
39258.1
39346.7
39430.7
39509.8
39584
39653.3
39717.7
39777
39831.2
39880.1
39923.3
39960.4
39990.6
40016.6
40048
40088.1
40137.8
40199.8
40282.9
