Parameters (omega ignored when numberOfElectrons = 1):
n: 200
numberOfElectrons: 2
rhoFinal: 50
omega: 10
Tolerance: 1e-10
Iterations needed: 1864
Calculation time; 0.114189

Eigenvalues
31.2148
61.643
92.0605
134.343
189.89
258.244
339.244
432.822
538.949
657.606
788.783
932.476
1088.68
1257.39
1438.61
1632.33
1838.56
2057.29
2288.52
2532.25
2788.49
3057.22
3338.46
3632.2
3938.44
4257.18
4588.43
4932.17
5288.41
5657.16
6038.4
6432.15
6838.39
7257.14
7688.38
8132.13
8588.37
9057.12
9538.37
10032.1
10538.4
11057.1
11588.4
12132.1
12688.3
13257.1
13838.3
14432.1
15038.3
15657.1
16288.3
16932.1
17588.3
18257.1
18938.3
19632.1
20338.3
21057.1
21788.3
22532.1
23288.3
24057.1
24838.3
25632.1
26438.3
27257.1
28088.3
28932.1
29788.3
30657.1
31538.3
32432.1
33338.3
34257.1
35188.3
36132.1
37088.3
38057.1
39038.3
40032.1
41038.3
42057.1
43088.3
44132.1
45188.3
46257
47338.3
48432
49538.3
50657
51788.3
52932
54088.3
55257
56438.3
57632
58838.3
60057
61288.3
62532
63788.3
65057
66338.3
67632
68938.3
70257
71588.3
72932
74288.3
75657
77038.3
78432
79838.3
81257
82688.3
84132
85588.3
87057
88538.3
90032
91538.3
93057
94588.3
96132
97688.3
99257
100838
102432
104038
105657
107288
108932
110588
112257
113938
115632
117338
119057
120788
122532
124288
126057
127838
129632
131438
133257
135088
136932
138788
140657
142538
144432
146338
148257
150188
152132
154088
156057
158038
160032
162038
164057
166088
168132
170188
172257
174338
176432
178538
180657
182788
184932
187088
189257
191438
193632
195838
198057
200288
202532
204788
207057
209338
211632
213938
216257
218588
220932
223288
225657
228038
230432
232838
235257
237688
240132
242588
245057
247538
250032
