Parameters (omega ignored when numberOfElectrons = 1):
n: 200
numberOfElectrons: 2
rhoFinal: 50
omega: 0.01
Tolerance: 1e-10
Iterations needed: 66677
Calculation time; 3.98814

Eigenvalues
0.105773
0.141504
0.178008
0.215636
0.256219
0.30249
0.356029
0.417205
0.486016
0.562415
0.646373
0.737871
0.836895
0.943433
1.05747
1.179
1.308
1.44445
1.58832
1.73959
1.89823
2.0642
2.23748
2.41803
2.6058
2.80075
3.00285
3.21204
3.42827
3.6515
3.88168
4.11874
4.36264
4.61332
4.8707
5.13475
5.40538
5.68255
5.96617
6.25618
6.55252
6.85511
7.16387
7.47874
7.79963
8.12647
8.45918
8.79769
9.14189
9.49172
9.84709
10.2079
10.5741
10.9456
11.3222
11.7039
12.0907
12.4823
12.8788
13.2799
13.6857
14.096
14.5107
14.9298
15.353
15.7804
16.2118
16.647
17.0861
17.5289
17.9752
18.425
18.8782
19.3346
19.7941
20.2567
20.7222
21.1905
21.6615
22.1351
22.6111
23.0895
23.57
24.0527
24.5374
25.024
25.5123
26.0022
26.4936
26.9865
27.4806
27.9758
28.4721
28.9693
29.4673
29.966
30.4652
30.9648
31.4647
31.9648
32.4649
32.965
33.4649
33.9645
34.4637
34.9623
35.4602
35.9573
36.4535
36.9487
37.4427
37.9354
38.4268
38.9166
39.4047
39.8911
40.3756
40.8582
41.3386
41.8167
42.2925
42.7659
43.2367
43.7047
44.17
44.6323
45.0916
45.5477
46.0006
46.4501
46.8961
47.3385
47.7772
48.2122
48.6432
49.0701
49.493
49.9116
50.3259
50.7358
51.1411
51.5418
51.9377
52.3289
52.7151
53.0963
53.4724
53.8433
54.2089
54.5691
54.9238
55.273
55.6165
55.9543
56.2863
56.6124
56.9326
57.2466
57.5546
57.8563
58.1518
58.4409
58.7236
58.9998
59.2694
59.5324
59.7887
60.0383
60.281
60.5168
60.7458
60.9677
61.1825
61.3903
61.5909
61.7843
61.9704
62.1492
62.3207
62.4848
62.6414
62.7905
62.9321
63.0661
63.1925
63.3112
63.4223
63.5255
63.621
63.7086
63.7883
63.86
63.9235
63.9787
64.0252
64.0628
64.0834
64.1133
64.1741
64.2502
