Parameters (omega ignored when numberOfElectrons = 1):
n: 200
numberOfElectrons: 2
rhoFinal: 2
omega: 0.25
Tolerance: 1e-10
Iterations needed: 73236
Calculation time; 3.21754

Eigenvalues
3.684
11.3717
23.7948
41.0352
63.1174
90.0488
121.83
158.456
199.922
246.22
297.338
353.265
413.989
479.495
549.768
624.791
704.545
789.012
878.171
972
1070.48
1173.58
1281.28
1393.55
1510.36
1631.7
1757.52
1887.8
2022.5
2161.59
2305.04
2452.81
2604.87
2761.19
2921.71
3086.4
3255.23
3428.14
3605.11
3786.08
3971.01
4159.86
4352.58
4549.12
4749.43
4953.48
5161.19
5372.54
5587.45
5805.89
6027.8
6253.12
6481.8
6713.78
6949.01
7187.42
7428.97
7673.59
7921.22
8171.8
8425.27
8681.57
8940.64
9202.41
9466.81
9733.79
10003.3
10275.2
10549.5
10826.1
11105
11386
11669.2
11954.3
12241.5
12530.5
12821.4
13114
13408.3
13704.2
14001.6
14300.6
14600.9
14902.5
15205.4
15509.4
15814.5
16120.7
16427.8
16735.8
17044.6
17354.1
17664.2
17975
18286.2
18597.8
18909.8
19222.1
19534.5
19847.1
20159.7
20472.2
20784.6
21096.9
21408.9
21720.5
22031.7
22342.5
22652.6
22962.1
23270.9
23578.9
23886
24192.1
24497.3
24801.3
25104.2
25405.8
25706.1
26005
26302.5
26598.4
26892.7
27185.3
27476.1
27765.2
28052.3
28337.4
28620.6
28901.6
29180.5
29457.1
29731.4
30003.3
30272.8
30539.7
30804.1
31065.9
31324.9
31581.2
31834.7
32085.3
32332.9
32577.5
32819
33057.4
33292.6
33524.6
33753.3
33978.6
34200.5
34418.9
34633.8
34845.1
35052.8
35256.8
35457.1
35653.7
35846.4
36035.2
36220.1
36401
36578
36750.9
36919.7
37084.4
37244.8
37401.1
37553.2
37700.9
37844.3
37983.4
38118.1
38248.3
38374.1
38495.4
38612.2
38724.4
38832.1
38935.1
39033.5
39127.3
39216.4
39300.8
39380.5
39455.5
39525.7
39591.1
39651.8
39707.6
39758.6
39804.8
39846.2
39882.7
39914.3
39941.1
39962.9
39979.9
39991.9
39998.9
