Parameters (omega ignored when numberOfElectrons = 1):
n: 200
numberOfElectrons: 2
rhoFinal: 50
omega: 1
Tolerance: 1e-10
Iterations needed: 16417
Calculation time; 0.940058

Eigenvalues
4.0372
7.81445
11.5845
15.315
18.9921
22.6081
26.1575
29.6361
33.0395
36.3638
39.6045
42.7567
45.815
48.7727
51.6217
54.3519
56.9493
59.3937
61.649
63.6469
65.4172
67.3325
69.5669
72.0545
74.7479
77.6238
80.6683
83.8724
87.2295
90.7348
94.3846
98.1759
102.107
106.175
110.378
114.716
119.188
123.792
128.527
133.393
138.39
143.516
148.772
154.156
159.669
165.311
171.08
176.977
183.001
189.153
195.432
201.837
208.37
215.029
221.814
228.726
235.765
242.929
250.22
257.637
265.18
272.848
280.643
288.563
296.61
304.782
313.079
321.502
330.051
338.726
347.526
356.451
365.502
374.678
383.98
393.408
402.96
412.638
422.442
432.37
442.424
452.604
462.908
473.338
483.893
494.574
505.379
516.31
527.366
538.547
549.854
561.286
572.842
584.524
596.332
608.264
620.321
632.504
644.812
657.245
669.803
682.486
695.294
708.228
721.286
734.47
747.779
761.213
774.772
788.456
802.265
816.199
830.258
844.443
858.752
873.187
887.746
902.431
917.241
932.176
947.235
962.42
977.73
993.165
1008.73
1024.41
1040.22
1056.16
1072.22
1088.4
1104.71
1121.15
1137.71
1154.39
1171.2
1188.14
1205.2
1222.39
1239.7
1257.13
1274.69
1292.38
1310.19
1328.13
1346.19
1364.37
1382.68
1401.12
1419.68
1438.37
1457.18
1476.11
1495.18
1514.36
1533.67
1553.11
1572.67
1592.36
1612.17
1632.11
1652.17
1672.35
1692.66
1713.1
1733.66
1754.35
1775.16
1796.1
1817.16
1838.34
1859.66
1881.09
1902.65
1924.34
1946.15
1968.09
1990.15
2012.34
2034.65
2057.09
2079.65
2102.33
2125.15
2148.08
2171.14
2194.33
2217.64
2241.08
2264.64
2288.33
2312.14
2336.08
2360.14
2384.33
2408.64
2433.07
2457.64
2482.43
2508.49
2540.81
