Parameters (omega ignored when numberOfElectrons = 1):
n: 200
numberOfElectrons: 2
rhoFinal: 10
omega: 1.5
Tolerance: 1e-10
Iterations needed: 68083
Calculation time; 2.59642

Eigenvalues
5.80835
11.6124
17.4865
23.3898
29.307
35.2308
41.1574
47.0843
53.0101
58.9338
64.8546
70.7719
76.6854
82.5947
88.4997
94.4
100.296
106.186
112.072
117.953
123.828
129.698
135.563
141.423
147.277
153.125
158.968
164.806
170.638
176.464
182.285
188.101
193.912
199.724
205.55
211.422
217.393
223.52
229.851
236.407
243.191
250.196
257.413
264.832
272.444
280.241
288.217
296.366
304.681
313.159
321.794
330.582
339.52
348.604
357.83
367.194
376.694
386.326
396.087
405.973
415.983
426.112
436.357
446.717
457.187
467.765
478.447
489.231
500.115
511.094
522.166
533.328
544.577
555.911
567.325
578.818
590.385
602.025
613.735
625.51
637.349
649.247
661.203
673.213
685.274
697.383
709.537
721.733
733.967
746.238
758.541
770.873
783.232
795.615
808.018
820.437
832.871
845.316
857.769
870.227
882.686
895.143
907.596
920.042
932.476
944.897
957.301
969.684
982.045
994.379
1006.68
1018.96
1031.19
1043.39
1055.55
1067.66
1079.72
1091.74
1103.7
1115.6
1127.44
1139.22
1150.94
1162.58
1174.16
1185.66
1197.08
1208.42
1219.68
1230.85
1241.93
1252.92
1263.82
1274.61
1285.31
1295.91
1306.39
1316.77
1327.04
1337.19
1347.22
1357.14
1366.93
1376.6
1386.13
1395.54
1404.81
1413.95
1422.94
1431.8
1440.51
1449.07
1457.48
1465.73
1473.83
1481.77
1489.54
1497.15
1504.59
1511.86
1518.94
1525.85
1532.57
1539.1
1545.44
1551.57
1557.5
1563.21
1568.7
1573.95
1578.96
1583.7
1588.16
1592.3
1596.05
1599.32
1602.2
1605.38
1609.11
1613.29
1617.84
1622.74
1627.98
1633.55
1639.45
1645.7
1652.31
1659.28
1666.66
1674.45
1682.71
1691.48
1700.81
1710.8
1721.56
1733.23
1746.07
1760.48
1777.2
1798.24
