Parameters (omega ignored when numberOfElectrons = 1):
n: 200
numberOfElectrons: 2
rhoFinal: 2
omega: 5
Tolerance: 1e-10
Iterations needed: 73043
Calculation time; 3.03691

Eigenvalues
17.4479
37.0688
56.8804
77.194
99.5312
125.871
157.097
193.328
234.517
280.616
331.588
387.405
448.044
513.483
583.702
658.68
738.398
822.835
911.968
1005.78
1104.23
1207.32
1315
1427.26
1544.07
1665.39
1791.2
1921.47
2056.17
2195.25
2338.7
2486.47
2638.52
2794.83
2955.35
3120.04
3288.86
3461.78
3638.74
3819.71
4004.64
4193.48
4386.2
4582.74
4783.05
4987.09
5194.81
5406.15
5621.06
5839.5
6061.41
6286.73
6515.4
6747.38
6982.61
7221.03
7462.57
7707.19
7954.82
8205.4
8458.87
8715.17
8974.24
9236.01
9500.41
9767.39
10036.9
10308.8
10583.1
10859.7
11138.6
11419.6
11702.8
11987.9
12275.1
12564.1
12855
13147.6
13441.9
13737.8
14035.2
14334.1
14634.4
14936.1
15238.9
15543
15848.1
16154.3
16461.4
16769.4
17078.2
17387.7
17697.8
18008.6
18319.8
18631.4
18943.4
19255.6
19568.1
19880.6
20193.2
20505.8
20818.2
21130.5
21442.5
21754.1
22065.3
22376
22686.2
22995.7
23304.5
23612.5
23919.6
24225.7
24530.9
24834.9
25137.8
25439.4
25739.7
26038.6
26336
26631.9
26926.2
27218.8
27509.7
27798.7
28085.9
28371
28654.2
28935.2
29214
29490.6
29764.9
30036.9
30306.3
30573.3
30837.7
31099.5
31358.5
31614.8
31868.3
32118.8
32366.4
32611
32852.6
33091
33326.2
33558.2
33786.8
34012.1
34234
34452.4
34667.3
34878.7
35086.4
35290.4
35490.7
35687.2
35879.9
36068.7
36253.6
36434.6
36611.5
36784.4
36953.2
37117.9
37278.4
37434.6
37586.7
37734.4
37877.8
38016.9
38151.5
38281.8
38407.5
38528.8
38645.6
38757.8
38865.5
38968.5
39066.9
39160.7
39249.7
39334.1
39413.8
39488.7
39558.8
39624.2
39684.8
39740.5
39791.4
39837.4
39878.4
39914.5
39945.6
39971.4
39991.4
40006.6
40025.4
40054.7
