Parameters (omega ignored when numberOfElectrons = 1):
n: 200
numberOfElectrons: 2
rhoFinal: 10
omega: 0.01
Tolerance: 1e-10
Iterations needed: 70242
Calculation time; 2.64445

Eigenvalues
0.309546
0.676395
1.21242
1.92979
2.83411
3.92813
5.21322
6.69007
8.35894
10.2199
12.2726
14.5171
16.9527
19.579
22.3956
25.4017
28.5968
31.9801
35.5508
39.308
43.2509
47.3786
51.6901
56.1842
60.8601
65.7164
70.7521
75.966
81.3567
86.9229
92.6634
98.5767
104.661
110.916
117.339
123.929
130.684
137.602
144.683
151.923
159.322
166.878
174.588
182.451
190.466
198.629
206.939
215.394
223.992
232.731
241.608
250.622
259.771
269.051
278.461
287.999
297.662
307.448
317.354
327.378
337.518
347.771
358.134
368.606
379.183
389.863
400.643
411.521
422.494
433.559
444.714
455.956
467.282
478.69
490.176
501.738
513.373
525.078
536.85
548.687
560.585
572.542
584.554
596.62
608.735
620.897
633.103
645.35
657.635
669.954
682.306
694.686
707.092
719.522
731.971
744.436
756.916
769.406
781.903
794.406
806.909
819.411
831.909
844.399
856.878
869.344
881.792
894.221
906.627
919.007
931.358
943.677
955.961
968.207
980.413
992.574
1004.69
1016.75
1028.76
1040.72
1052.62
1064.45
1076.22
1087.93
1099.56
1111.12
1122.61
1134.01
1145.34
1156.58
1167.73
1178.8
1189.77
1200.64
1211.42
1222.1
1232.67
1243.14
1253.51
1263.76
1273.89
1283.92
1293.82
1303.6
1313.26
1322.8
1332.21
1341.48
1350.63
1359.64
1368.51
1377.25
1385.84
1394.3
1402.6
1410.76
1418.77
1426.63
1434.34
1441.89
1449.28
1456.52
1463.6
1470.51
1477.26
1483.85
1490.26
1496.51
1502.59
1508.5
1514.23
1519.79
1525.18
1530.38
1535.41
1540.26
1544.93
1549.42
1553.72
1557.84
1561.77
1565.52
1569.08
1572.45
1575.63
1578.63
1581.43
1584.04
1586.46
1588.69
1590.72
1592.56
1594.21
1595.66
1596.91
1597.97
1598.83
1599.48
1599.94
1600.25
