Parameters (omega ignored when numberOfElectrons = 1):
n: 200
numberOfElectrons: 2
rhoFinal: 10
omega: 5
Tolerance: 1e-10
Iterations needed: 61309
Calculation time; 2.34632

Eigenvalues
17.4282
36.9753
56.6183
76.2671
95.8901
115.473
135.007
154.488
173.913
193.278
212.584
231.828
251.009
270.126
289.179
308.166
327.088
345.943
364.731
383.451
402.103
420.686
439.2
457.644
476.017
494.32
512.552
530.711
548.798
566.812
584.753
602.62
620.412
638.129
655.77
673.335
690.823
708.233
725.566
742.819
759.993
777.087
794.101
811.032
827.882
844.649
861.332
877.93
894.443
910.87
927.21
943.462
959.626
975.699
991.682
1007.57
1023.37
1039.08
1054.69
1070.2
1085.62
1100.94
1116.15
1131.27
1146.29
1161.2
1176
1190.7
1205.29
1219.77
1234.14
1248.39
1262.52
1276.54
1290.44
1304.21
1317.85
1331.37
1344.76
1358.01
1371.12
1384.1
1396.92
1409.6
1422.12
1434.48
1446.67
1458.7
1470.54
1482.2
1493.66
1504.91
1515.95
1526.75
1537.31
1547.59
1557.57
1567.22
1576.48
1585.26
1593.45
1601.05
1608.57
1616.65
1625.38
1634.64
1644.33
1654.38
1664.78
1675.47
1686.45
1697.7
1709.19
1720.93
1732.9
1745.09
1757.49
1770.11
1782.92
1795.93
1809.14
1822.54
1836.11
1849.88
1863.82
1877.93
1892.22
1906.69
1921.32
1936.11
1951.07
1966.2
1981.48
1996.93
2012.53
2028.3
2044.21
2060.29
2076.51
2092.89
2109.42
2126.1
2142.92
2159.9
2177.03
2194.3
2211.72
2229.28
2246.99
2264.84
2282.84
2300.98
2319.26
2337.68
2356.25
2374.97
2393.85
2412.9
2432.16
2451.67
2471.49
2491.69
2512.34
2533.48
2555.14
2577.35
2600.13
2623.48
2647.42
2671.95
2697.1
2722.87
2749.27
2776.34
2804.1
2832.56
2861.75
2891.72
2922.49
2954.1
2986.6
3020.04
3054.48
3089.99
3126.63
3164.49
3203.68
3244.3
3286.51
3330.45
3376.35
3424.43
3475.03
3528.55
3585.55
3646.82
3713.55
3787.71
3873.07
3979.43
