Parameters (omega ignored when numberOfElectrons = 1):
n: 200
numberOfElectrons: 2
rhoFinal: 2
omega: 1.5
Tolerance: 1e-10
Iterations needed: 73148
Calculation time; 3.07322

Eigenvalues
6.06831
14.2598
26.7275
43.9726
66.0561
92.9885
124.77
161.398
202.864
249.162
300.28
356.208
416.933
482.439
552.712
627.735
707.489
791.956
881.115
974.944
1073.42
1176.52
1284.22
1396.49
1513.31
1634.64
1760.46
1890.74
2025.44
2164.54
2307.99
2455.76
2607.82
2764.13
2924.65
3089.35
3258.17
3431.09
3608.05
3789.02
3973.96
4162.8
4355.52
4552.06
4752.38
4956.42
5164.14
5375.48
5590.4
5808.84
6030.74
6256.06
6484.74
6716.73
6951.95
7190.37
7431.92
7676.54
7924.17
8174.75
8428.22
8684.52
8943.59
9205.35
9469.76
9736.74
10006.2
10278.2
10552.5
10829.1
11107.9
11389
11672.1
11957.3
12244.4
12533.5
12824.3
13116.9
13411.2
13707.1
14004.6
14303.5
14603.8
14905.4
15208.3
15512.3
15817.5
16123.6
16430.8
16738.7
17047.5
17357
17667.2
17977.9
18289.1
18600.8
18912.8
19225
19537.4
19850
20162.6
20475.2
20787.6
21099.8
21411.8
21723.5
22034.7
22345.4
22655.6
22965.1
23273.8
23581.8
23888.9
24195.1
24500.2
24804.3
25107.1
25408.8
25709.1
26008
26305.4
26601.3
26895.6
27188.2
27479.1
27768.1
28055.2
28340.4
28623.5
28904.5
29183.4
29460
29734.3
30006.2
30275.7
30542.7
30807.1
31068.8
31327.9
31584.2
31837.6
32088.2
32335.8
32580.4
32822
33060.4
33295.6
33527.6
33756.2
33981.5
34203.4
34421.8
34636.7
34848.1
35055.8
35259.8
35460.1
35656.6
35849.3
36038.1
36223
36404
36580.9
36753.8
36922.6
37087.3
37247.8
37404.1
37556.1
37703.9
37847.3
37986.3
38121
38251.2
38377
38498.3
38615.1
38727.3
38835
38938.1
39036.5
39130.3
39219.4
39303.8
39383.5
39458.4
39528.6
39594.1
39654.7
39710.6
39761.6
39807.8
39849.1
39885.6
39917.2
39944
39965.8
39982.7
39994.6
40001.5
