Parameters (omega ignored when numberOfElectrons = 1):
n: 200
numberOfElectrons: 2
rhoFinal: 50
omega: 5
Tolerance: 1e-10
Iterations needed: 2890
Calculation time; 0.150062

Eigenvalues
16.9105
34.4305
49.9979
63.0388
75.5509
91.3445
110.868
133.81
160.034
189.478
222.109
257.906
296.857
338.955
384.194
432.571
484.082
538.726
596.5
657.405
721.439
788.601
858.891
932.309
1008.85
1088.53
1171.32
1257.25
1346.3
1438.47
1533.78
1632.21
1733.76
1838.44
1946.24
2057.17
2171.23
2288.41
2408.72
2532.15
2658.71
2788.39
2921.2
3057.13
3196.19
3338.38
3483.68
3632.12
3783.68
3938.36
4096.17
4257.11
4421.17
4588.35
4758.66
4932.1
5108.66
5288.34
5471.15
5657.09
5846.15
6038.34
6233.65
6432.08
6633.64
6838.33
7046.14
7257.08
7471.14
7688.32
7908.64
8132.07
8358.63
8588.32
8821.13
9057.07
9296.13
9538.31
9783.63
10032.1
10283.6
10538.3
10796.1
11057.1
11321.1
11588.3
11858.6
12132.1
12408.6
12688.3
12971.1
13257.1
13546.1
13838.3
14133.6
14432.1
14733.6
15038.3
15346.1
15657
15971.1
16288.3
16608.6
16932
17258.6
17588.3
17921.1
18257
18596.1
18938.3
19283.6
19632
19983.6
20338.3
20696.1
21057
21421.1
21788.3
22158.6
22532
22908.6
23288.3
23671.1
24057
24446.1
24838.3
25233.6
25632
26033.6
26438.3
26846.1
27257
27671.1
28088.3
28508.6
28932
29358.6
29788.3
30221.1
30657
31096.1
31538.3
31983.6
32432
32883.6
33338.3
33796.1
34257
34721.1
35188.3
35658.6
36132
36608.6
37088.3
37571.1
38057
38546.1
39038.3
39533.6
40032
40533.6
41038.3
41546.1
42057
42571.1
43088.3
43608.6
44132
44658.6
45188.3
45721.1
46257
46796.1
47338.3
47883.6
48432
48983.6
49538.3
50096.1
50657
51221.1
51788.3
52358.6
52932
53508.6
54088.3
54671.1
55257
55846.1
56438.3
57033.6
57632
58233.6
58838.3
59446.1
60057
60671.1
61288.3
61908.6
62532.4
