Parameters (omega ignored when numberOfElectrons = 1):
n: 200
numberOfElectrons: 2
rhoFinal: 10
omega: 1
Tolerance: 1e-10
Iterations needed: 68771
Calculation time; 2.66754

Eigenvalues
4.05706
7.90592
11.81
15.7388
19.6806
23.6298
27.5832
31.5389
35.4958
39.453
43.41
47.3663
51.3216
55.2756
59.2282
63.1792
67.1285
71.0759
75.0215
78.9654
82.9093
86.8605
90.8424
94.9046
99.114
103.525
108.163
113.032
118.124
123.432
128.946
134.66
140.569
146.666
152.948
159.411
166.051
172.864
179.849
187.002
194.321
201.802
209.444
217.244
225.199
233.307
241.566
249.974
258.527
267.224
276.062
285.039
294.152
303.399
312.778
322.287
331.922
341.681
351.562
361.562
371.679
381.91
392.252
402.704
413.261
423.923
434.686
445.547
456.503
467.553
478.693
489.92
501.232
512.626
524.099
535.648
547.27
558.963
570.724
582.549
594.436
606.382
618.384
630.439
642.544
654.696
666.892
679.129
691.405
703.715
716.057
728.429
740.826
753.246
765.686
778.143
790.614
803.095
815.584
828.078
840.573
853.066
865.555
878.037
890.507
902.964
915.404
927.824
940.221
952.592
964.934
977.244
989.519
1001.76
1013.95
1026.1
1038.21
1050.26
1062.26
1074.21
1086.1
1097.92
1109.68
1121.37
1132.99
1144.54
1156.01
1167.41
1178.72
1189.95
1201.08
1212.13
1223.09
1233.95
1244.71
1255.37
1265.93
1276.38
1286.72
1296.96
1307.07
1317.07
1326.95
1336.71
1346.35
1355.86
1365.24
1374.49
1383.6
1392.58
1401.42
1410.12
1418.68
1427.09
1435.35
1443.47
1451.43
1459.24
1466.89
1474.38
1481.71
1488.88
1495.88
1502.72
1509.39
1515.88
1522.2
1528.34
1534.3
1540.08
1545.67
1551.08
1556.29
1561.31
1566.13
1570.74
1575.15
1579.33
1583.3
1587.02
1590.49
1593.7
1596.59
1599.08
1601.16
1603.34
1606.02
1609.12
1612.57
1616.37
1620.51
1625.02
1629.91
1635.25
1641.07
1647.48
1654.61
1662.69
1672.18
1684.24
