Parameters (omega ignored when numberOfElectrons = 1):
n: 200
numberOfElectrons: 2
rhoFinal: 50
omega: 0.1
Tolerance: 1e-10
Iterations needed: 63331
Calculation time; 4.1817

Eigenvalues
0.598621
0.967466
1.34462
1.72642
2.111
2.49728
2.88461
3.27258
3.6609
4.04935
4.4378
4.82613
5.21425
5.6021
5.98961
6.37675
6.76348
7.14977
7.53559
7.92092
8.30574
8.69003
9.07379
9.45699
9.83963
10.2217
10.6032
10.9841
11.3643
11.744
12.1231
12.5015
12.8794
13.2566
13.6331
14.009
14.3843
14.7589
15.1329
15.5062
15.8788
16.2508
16.6221
16.9928
17.3627
17.732
18.1006
18.4685
18.8357
19.2023
19.5681
19.9332
20.2976
20.6614
21.0244
21.3867
21.7483
22.1092
22.4694
22.829
23.1883
23.5479
23.9085
24.2718
24.6392
25.0124
25.3922
25.779
26.1729
26.5736
26.9807
27.3939
27.8126
28.2367
28.6657
29.0994
29.5374
29.9796
30.4256
30.8753
31.3283
31.7847
32.244
32.7062
33.1711
33.6385
34.1082
34.58
35.0538
35.5295
36.0068
36.4857
36.9659
37.4473
37.9297
38.4131
38.8972
39.382
39.8672
40.3527
40.8384
41.3242
41.8098
42.2952
42.7802
43.2647
43.7484
44.2314
44.7134
45.1943
45.6739
46.1522
46.629
47.104
47.5773
48.0487
48.5179
48.985
49.4496
49.9118
50.3713
50.828
51.2818
51.7325
52.18
52.6241
53.0648
53.5017
53.9349
54.3641
54.7891
55.2099
55.6263
56.0381
56.4452
56.8474
57.2444
57.6362
58.0226
58.4033
58.7783
59.1472
59.5098
59.866
60.2155
60.558
60.8933
61.221
61.5408
61.8524
62.1553
62.449
62.7329
63.0065
63.2687
63.5185
63.7544
63.9748
64.1755
64.3271
64.4558
64.6554
64.8882
65.1406
65.4094
65.6928
65.99
66.3004
66.6237
66.9596
67.308
67.669
68.0426
68.4291
68.8285
69.2412
69.6676
70.108
70.5629
71.033
71.5188
72.021
72.5407
73.0786
73.636
74.2142
74.8147
75.4394
76.0904
76.7702
77.4822
78.2301
79.0191
79.8557
80.7487
81.7106
82.7604
83.9292
85.2773
86.9602
