Parameters (omega ignored when numberOfElectrons = 1):
n: 200
numberOfElectrons: 2
rhoFinal: 50
omega: 0.05
Tolerance: 1e-10
Iterations needed: 65155
Calculation time; 3.59164

Eigenvalues
0.349959
0.532297
0.718919
0.908235
1.09934
1.29167
1.48488
1.67872
1.87303
2.06769
2.26259
2.45768
2.6529
2.84821
3.04357
3.23895
3.43433
3.6297
3.82503
4.02031
4.21554
4.41069
4.60577
4.80076
4.99566
5.19049
5.38534
5.58055
5.77711
5.9769
6.18243
6.39582
6.61819
6.84978
7.09036
7.33957
7.59707
7.8625
8.1356
8.41612
8.70385
8.99859
9.30019
9.60847
9.9233
10.2445
10.5721
10.9057
11.2455
11.5911
11.9426
12.2997
12.6624
13.0307
13.4042
13.7831
14.1671
14.5562
14.9502
15.349
15.7526
16.1608
16.5735
16.9907
17.4121
17.8377
18.2674
18.701
19.1386
19.5798
20.0247
20.4732
20.925
21.3801
21.8385
22.2998
22.7642
23.2314
23.7012
24.1737
24.6487
25.1261
25.6057
26.0874
26.5711
27.0567
27.5441
28.0332
28.5237
29.0157
29.5089
30.0034
30.4988
30.9952
31.4924
31.9902
32.4886
32.9874
33.4866
33.9859
34.4852
34.9845
35.4837
35.9825
36.4808
36.9786
37.4758
37.9721
38.4675
38.9619
39.455
39.9469
40.4374
40.9264
41.4137
41.8992
42.3828
42.8644
43.3439
43.8211
44.2959
44.7683
45.238
45.7051
46.1692
46.6305
47.0886
47.5436
47.9953
48.4435
48.8883
49.3294
49.7667
50.2002
50.6298
51.0552
51.4765
51.8934
52.306
52.7141
53.1176
53.5163
53.9102
54.2992
54.6832
55.0621
55.4357
55.804
56.1669
56.5242
56.8759
57.2219
57.5621
57.8963
58.2245
58.5465
58.8624
59.1719
59.4749
59.7715
60.0613
60.3445
60.6207
60.89
61.1521
61.407
61.6546
61.8946
62.1269
62.3514
62.5678
62.776
62.9756
63.1664
63.3481
63.52
63.6818
63.8326
63.9712
64.0967
64.2121
64.2836
64.347
64.4836
64.6392
64.8099
64.995
65.1941
65.4076
65.636
65.8804
66.1421
66.4228
66.7251
67.0523
67.4095
67.8042
68.2487
68.7673
69.4222
