Parameters (omega ignored when numberOfElectrons = 1):
n: 200
numberOfElectrons: 2
rhoFinal: 50
omega: 2.5
Tolerance: 1e-10
Iterations needed: 5646
Calculation time; 0.308084

Eigenvalues
9.07935
18.3341
27.2559
35.7476
43.7356
51.1309
57.7878
63.4992
68.8063
75.0678
82.5102
90.959
100.324
110.56
121.641
133.549
146.273
159.806
174.141
189.275
205.203
221.925
239.436
257.738
276.827
296.702
317.364
338.812
361.044
384.061
407.861
432.445
457.813
483.964
510.898
538.614
567.113
596.395
626.459
657.305
688.933
721.344
754.536
788.51
823.266
858.804
895.124
932.226
970.109
1008.77
1048.22
1088.45
1129.46
1171.25
1213.82
1257.18
1301.31
1346.23
1391.93
1438.41
1485.67
1533.71
1582.54
1632.14
1682.53
1733.7
1785.65
1838.38
1891.89
1946.19
2001.26
2057.12
2113.76
2171.18
2229.38
2288.36
2348.12
2408.67
2469.99
2532.1
2594.99
2658.66
2723.11
2788.34
2854.36
2921.15
2988.73
3057.09
3126.23
3196.15
3266.85
3338.33
3410.6
3483.64
3557.47
3632.08
3707.47
3783.64
3860.59
3938.32
4016.84
4096.13
4176.21
4257.07
4338.71
4421.13
4504.33
4588.32
4673.08
4758.63
4844.95
4932.06
5019.95
5108.62
5198.08
5288.31
5379.32
5471.12
5563.7
5657.06
5751.2
5846.12
5941.82
6038.3
6135.57
6233.61
6332.44
6432.05
6532.44
6633.61
6735.57
6838.3
6941.81
7046.11
7151.19
7257.05
7363.69
7471.11
7579.31
7688.3
7798.06
7908.61
8019.93
8132.04
8244.93
8358.61
8473.06
8588.29
8704.31
8821.1
8938.68
9057.04
9176.18
9296.1
9416.81
9538.29
9660.55
9783.6
9907.43
10032
10157.4
10283.6
10410.6
10538.3
10666.8
10796.1
10926.2
11057
11188.7
11321.1
11454.3
11588.3
11723
11858.6
11994.9
12132
12269.9
12408.6
12548
12688.3
12829.3
12971.1
13113.7
13257
13401.2
13546.1
13691.8
13838.3
13985.5
14133.6
14282.4
14432
14582.4
14733.6
14885.5
15038.3
15191.8
15346.1
15501.2
15658.7
