Parameters (omega ignored when numberOfElectrons = 1):
n: 200
numberOfElectrons: 2
rhoFinal: 5
omega: 2.5
Tolerance: 1e-10
Iterations needed: 70612
Calculation time; 2.8337

Eigenvalues--- ---First Eigenvector--- ---Second--- ---Third
9.20975 0.00932509 -0.0122075 0.0140897
18.95 0.0188297 -0.0245756 0.0282782
28.7911 0.0284614 -0.0369602 0.0423115
38.6752 0.0381671 -0.0492157 0.0559371
48.5814 0.0478932 -0.0611979 0.0689078
58.4999 0.0575859 -0.072765 0.0809873
68.4256 0.0671922 -0.0837799 0.0919541
78.3553 0.0766598 -0.0941118 0.101606
88.2871 0.0859376 -0.103638 0.109762
98.2195 0.0949765 -0.112245 0.11627
108.152 0.103729 -0.11983 0.121005
118.088 0.112151 -0.126304 0.123873
128.051 0.120201 -0.13159 0.124814
138.139 0.12784 -0.135624 0.123801
148.579 0.135032 -0.13836 0.12084
159.658 0.141746 -0.139763 0.115972
171.568 0.147954 -0.139816 0.109271
184.365 0.153633 -0.138518 0.100842
198.04 0.158762 -0.135882 0.0908177
212.567 0.163326 -0.131934 0.0793589
227.918 0.167314 -0.126718 0.0666488
244.074 0.170717 -0.120288 0.0528905
261.017 0.173534 -0.112712 0.0383031
278.732 0.175765 -0.10407 0.0231175
297.208 0.177415 -0.0944492 0.0075725
316.435 0.178491 -0.0839487 -0.00808961
336.402 0.179006 -0.0726733 -0.0236273
357.101 0.178975 -0.0607337 -0.0388037
378.524 0.178416 -0.0482453 -0.0533908
400.664 0.177351 -0.0353261 -0.0671729
423.514 0.175802 -0.0220956 -0.0799497
447.065 0.173795 -0.00867311 -0.09154
471.311 0.171358 0.00482368 -0.101783
496.245 0.16852 0.0182798 -0.110543
521.86 0.165312 0.0315845 -0.117707
548.148 0.161765 0.0446321 -0.123188
575.103 0.157911 0.0573233 -0.126929
602.717 0.153782 0.0695659 -0.128895
630.983 0.149411 0.0812756 -0.129081
659.894 0.144831 0.0923766 -0.127507
689.442 0.140074 0.102802 -0.124216
719.619 0.13517 0.112495 -0.119275
750.419 0.130151 0.121406 -0.112772
781.833 0.125046 0.129499 -0.104815
813.853 0.119884 0.136743 -0.0955269
846.471 0.114691 0.143119 -0.085045
879.679 0.109492 0.148618 -0.0735184
913.469 0.104312 0.153237 -0.0611045
947.832 0.0991721 0.156983 -0.0479665
982.761 0.0940936 0.15987 -0.0342711
1018.25 0.0890949 0.16192 -0.0201853
1054.28 0.0841928 0.163159 -0.00587434
1090.85 0.0794023 0.163621 0.00850072
1127.95 0.0747368 0.163344 0.0227851
1165.57 0.0702077 0.162372 0.0368323
1203.7 0.0658249 0.160749 0.0505054
1242.33 0.0615966 0.158525 0.063679
1281.46 0.0575294 0.155751 0.0762397
1321.06 0.0536283 0.152478 0.0880875
1361.14 0.0498969 0.148759 0.0991362
1401.69 0.0463378 0.144648 0.109314
1442.68 0.0429518 0.140198 0.118562
1484.12 0.039739 0.135459 0.126837
1526 0.0366983 0.130482 0.134109
1568.29 0.0338277 0.125315 0.140362
1611 0.0311243 0.120005 0.145591
1654.11 0.0285845 0.114596 0.149803
1697.61 0.0262041 0.109128 0.153017
1741.49 0.0239784 0.103639 0.155262
1785.74 0.021902 0.0981654 0.156573
1830.35 0.0199694 0.0927383 0.156996
1875.31 0.0181747 0.0873869 0.156582
1920.6 0.0165117 0.0821368 0.155386
1966.22 0.0149741 0.0770107 0.153469
2012.16 0.0135556 0.072028 0.150893
2058.39 0.0122497 0.0672054 0.147725
2104.93 0.01105 0.0625567 0.144031
2151.74 0.00995034 0.0580929 0.139876
2198.82 0.00894436 0.0538225 0.135327
2246.16 0.00802601 0.0497518 0.130448
2293.74 0.00718937 0.0458848 0.1253
2341.56 0.00642873 0.0422235 0.119943
2389.61 0.00573858 0.0387681 0.114434
2437.86 0.00511364 0.0355172 0.108824
2486.31 0.00454888 0.0324681 0.103164
2534.96 0.00403951 0.0296168 0.0974965
2583.77 0.00358101 0.026958 0.0918638
2632.75 0.00316909 0.0244859 0.0863021
2681.89 0.00279975 0.0221936 0.0808435
2731.16 0.00246922 0.0200739 0.0755164
2780.56 0.002174 0.018119 0.0703447
2830.08 0.00191081 0.0163208 0.0653487
2879.69 0.00167662 0.014671 0.0605449
2929.41 0.00146864 0.0131612 0.0559463
2979.2 0.00128428 0.0117829 0.0515628
3029.05 0.00112116 0.0105278 0.0474012
3078.96 0.000977105 0.00938755 0.0434654
3128.92 0.000850123 0.00835423 0.0397572
3178.9 0.000738397 0.00741998 0.0362759
3228.91 0.000640277 0.00657727 0.033019
3278.92 0.000554262 0.00581888 0.0299823
3328.92 0.000478999 0.00513793 0.0271603
3378.91 0.000413262 0.00452789 0.024546
3428.86 0.00035595 0.0039826 0.0221318
3478.77 0.000306075 0.00349627 0.0199091
3528.63 0.000262749 0.00306346 0.0178687
3578.42 0.000225181 0.00267913 0.0160012
3628.13 0.000192663 0.00233859 0.0142968
3677.75 0.000164567 0.00203748 0.0127455
3727.26 0.000140334 0.00177181 0.0113375
3776.66 0.000119472 0.00153789 0.010063
3825.93 0.000101543 0.00133237 0.00891235
3875.07 8.61614e-05 0.00115217 0.00787628
3924.05 7.29891e-05 0.000994495 0.00694576
3972.86 6.17285e-05 0.000856814 0.00611215
4021.5 5.21191e-05 0.000736836 0.00536724
4069.95 4.39332e-05 0.000632497 0.00470323
4118.21 3.6972e-05 0.00054194 0.00411277
4166.25 3.10626e-05 0.000463501 0.00358899
4214.07 2.60549e-05 0.000395695 0.00312546
4261.65 2.18186e-05 0.000337196 0.00271621
4308.99 1.82412e-05 0.000286826 0.00235575
4356.07 1.52253e-05 0.000243541 0.00203898
4402.87 1.26873e-05 0.000206416 0.00176124
4449.4 1.05551e-05 0.000174636 0.00151829
4495.64 8.76682e-06 0.000147485 0.00130623
4541.57 7.26965e-06 0.000124332 0.00112156
4587.19 6.01834e-06 0.000104628 0.000961088
4632.48 4.97429e-06 8.78899e-05 0.000821955
4677.44 4.10466e-06 7.36987e-05 0.000701585
4722.04 3.38155e-06 6.16895e-05 0.000597673
4766.29 2.7813e-06 5.15461e-05 0.000508161
4810.17 2.28388e-06 4.29947e-05 0.000431217
4853.66 1.87238e-06 3.57989e-05 0.000365217
4896.77 1.53252e-06 2.97551e-05 0.000308724
4939.47 1.25232e-06 2.46884e-05 0.00026047
4981.76 1.0217e-06 2.04486e-05 0.000219338
5023.63 8.32191e-07 1.69074e-05 0.00018435
5065.07 6.76739e-07 1.39551e-05 0.000154649
5106.06 5.49434e-07 1.14983e-05 0.000129489
5146.6 4.45356e-07 9.45758e-06 0.000108217
5186.68 3.60411e-07 7.76558e-06 9.02702e-05
5226.28 2.91196e-07 6.36525e-06 7.51585e-05
5265.4 2.34894e-07 5.20843e-06 6.24598e-05
5304.03 1.89173e-07 4.25451e-06 5.18101e-05
5342.16 1.52105e-07 3.46932e-06 4.28964e-05
5379.77 1.22104e-07 2.82417e-06 3.54505e-05
5416.87 9.78623e-08 2.29505e-06 2.9243e-05
5453.43 7.83073e-08 1.86187e-06 2.40781e-05
5489.46 6.2559e-08 1.50787e-06 1.9789e-05
5524.94 4.98975e-08 1.21908e-06 1.62341e-05
5559.86 3.97347e-08 9.83927e-07 1.32935e-05
5594.22 3.15909e-08 7.92778e-07 1.08657e-05
5628 2.5076e-08 6.37677e-07 8.86519e-06
5661.21 1.98727e-08 5.12049e-07 7.21985e-06
5693.82 1.57238e-08 4.10473e-07 5.86924e-06
5725.83 1.24212e-08 3.2849e-07 4.76267e-06
5757.24 9.79657e-09 2.62435e-07 3.85777e-06
5788.04 7.71415e-09 2.09309e-07 3.11918e-06
5818.21 6.06465e-09 1.66656e-07 2.51748e-06
5847.75 4.76025e-09 1.32471e-07 2.0282e-06
5876.66 3.73042e-09 1.0512e-07 1.6311e-06
5904.92 2.91873e-09 8.32764e-08 1.30941e-06
5932.53 2.28e-09 6.58608e-08 1.04929e-06
5959.48 1.7782e-09 5.19998e-08 8.39355e-07
5985.77 1.38463e-09 4.09872e-08 6.70231e-07
6011.38 1.07644e-09 3.22527e-08 5.34236e-07
6036.31 8.35515e-10 2.53371e-08 4.25084e-07
6060.56 6.47481e-10 1.9871e-08 3.37636e-07
6084.11 5.00968e-10 1.55582e-08 2.67707e-07
6106.96 3.86999e-10 1.21611e-08 2.11887e-07
6129.11 2.98484e-10 9.48986e-09 1.67413e-07
6150.54 2.29839e-10 7.39307e-09 1.32041e-07
6171.25 1.7671e-10 5.74998e-09 1.03961e-07
6191.24 1.35641e-10 4.46463e-09 8.17099e-08
6210.49 1.03947e-10 3.46086e-09 6.41092e-08
6229 7.95357e-11 2.67832e-09 5.02121e-08
6246.76 6.07637e-11 2.06928e-09 3.92592e-08
6263.76 4.6344e-11 1.59608e-09 3.06422e-08
6279.99 3.52848e-11 1.22904e-09 2.38751e-08
6295.45 2.68262e-11 9.44828e-10 1.85701e-08
6310.12 2.03501e-11 7.2514e-10 1.44189e-08
6323.99 1.54136e-11 5.55613e-10 1.11762e-08
6337.05 1.16567e-11 4.25012e-10 8.64766e-09
6349.26 8.80682e-12 3.24561e-10 6.67949e-09
6360.61 6.64892e-12 2.47436e-10 5.15015e-09
6371.06 5.01465e-12 1.88308e-10 3.96382e-09
6380.54 3.77229e-12 1.4306e-10 3.04509e-09
6388.97 2.83461e-12 1.0849e-10 2.33473e-09
6396.15 2.12142e-12 8.21189e-11 1.7863e-09
6402.04 1.57743e-12 6.20314e-11 1.3634e-09
6408.24 1.17661e-12 4.67191e-11 1.03759e-09
6415.97 8.71136e-13 3.50694e-11 7.86635e-10
6425.15 6.45142e-13 2.61953e-11 5.93161e-10
6435.73 4.69035e-13 1.9408e-11 4.43591e-10
6447.85 3.36376e-13 1.42069e-11 3.27259e-10
6461.74 2.32136e-13 1.01644e-11 2.3576e-10
6477.88 1.47157e-13 6.96792e-12 1.62366e-10
6497.23 8.92926e-14 4.34835e-12 1.01602e-10
6522.29 3.70255e-14 2.0803e-12 4.88522e-11
