Parameters (omega ignored when numberOfElectrons = 1):
n: 200
numberOfElectrons: 2
rhoFinal: 5
omega: 2
Tolerance: 1e-10
Iterations needed: 70661
Calculation time; 2.73891

Eigenvalues
7.5224
15.2952
23.1567
31.0568
38.9774
46.91
54.8499
62.7945
70.7446
78.7187
86.8089
95.2481
104.33
114.234
125.005
136.631
149.09
162.359
176.422
191.266
206.881
223.256
240.385
258.259
276.872
296.217
316.289
337.08
358.586
380.799
403.713
427.323
451.623
476.605
502.263
528.592
555.583
583.231
611.528
640.467
670.042
700.244
731.066
762.501
794.541
827.178
860.404
894.21
928.589
963.531
999.029
1035.07
1071.66
1108.77
1146.4
1184.54
1223.18
1262.32
1301.93
1342.02
1382.57
1423.58
1465.03
1506.9
1549.21
1591.92
1635.04
1678.54
1722.43
1766.68
1811.3
1856.26
1901.56
1947.19
1993.13
2039.37
2085.9
2132.72
2179.81
2227.15
2274.74
2322.56
2370.61
2418.87
2467.33
2515.97
2564.79
2613.78
2662.91
2712.19
2761.59
2811.11
2860.73
2910.45
2960.24
3010.1
3060.02
3109.97
3159.96
3209.97
3259.98
3309.99
3359.98
3409.93
3459.85
3509.71
3559.5
3609.22
3658.84
3708.36
3757.76
3807.03
3856.17
3905.15
3953.97
4002.61
4051.07
4099.33
4147.37
4195.19
4242.78
4290.12
4337.2
4384.02
4430.55
4476.79
4522.73
4568.35
4613.65
4658.61
4703.22
4747.47
4791.36
4834.86
4877.97
4920.68
4962.98
5004.85
5046.3
5087.3
5127.84
5167.93
5207.54
5246.67
5285.31
5323.44
5361.07
5398.17
5434.75
5470.79
5506.28
5541.22
5575.59
5609.39
5642.61
5675.24
5707.27
5738.7
5769.51
5799.71
5829.28
5858.21
5886.5
5914.14
5941.12
5967.44
5993.09
6018.06
6042.35
6065.95
6088.86
6111.06
6132.56
6153.35
6173.41
6192.75
6211.36
6229.23
6246.36
6262.74
6278.36
6293.23
6307.32
6320.63
6333.15
6344.87
6355.78
6365.84
6375.04
6383.33
6390.63
6396.77
6401.7
6406.88
6413.53
6421.62
6431.22
6442.64
6456.55
6474.83
