Parameters (omega ignored when numberOfElectrons = 1):
n: 200
numberOfElectrons: 2
rhoFinal: 10
omega: 0.05
Tolerance: 1e-10
Iterations needed: 70259
Calculation time; 2.71606

Eigenvalues
0.394972
0.756328
1.29114
2.00853
2.91312
4.00741
5.29273
6.76977
8.4388
10.2998
12.3527
14.5972
17.0329
19.6593
22.4759
25.4821
28.6773
32.0606
35.6313
39.3885
43.3315
47.4592
51.7706
56.2648
60.9407
65.797
70.8328
76.0466
81.4373
87.0036
92.7441
98.6574
104.742
110.997
117.42
124.009
130.764
137.683
144.763
152.004
159.403
166.959
174.669
182.532
190.546
198.709
207.02
215.475
224.073
232.812
241.689
250.703
259.851
269.132
278.542
288.08
297.743
307.528
317.435
327.459
337.599
347.851
358.215
368.686
379.264
389.943
400.724
411.602
422.575
433.64
444.795
456.037
467.363
478.77
490.257
501.818
513.453
525.158
536.931
548.767
560.666
572.623
584.635
596.701
608.816
620.978
633.184
645.431
657.715
670.035
682.387
694.767
707.173
719.602
732.051
744.517
756.996
769.486
781.984
794.486
806.99
819.492
831.99
844.48
856.959
869.424
881.873
894.302
906.708
919.088
931.439
943.758
956.042
968.288
980.493
992.655
1004.77
1016.83
1028.85
1040.8
1052.7
1064.53
1076.31
1088.01
1099.64
1111.2
1122.69
1134.09
1145.42
1156.66
1167.81
1178.88
1189.85
1200.72
1211.5
1222.18
1232.76
1243.23
1253.59
1263.84
1273.97
1284
1293.9
1303.68
1313.34
1322.88
1332.29
1341.56
1350.71
1359.72
1368.6
1377.33
1385.93
1394.38
1402.68
1410.84
1418.85
1426.71
1434.42
1441.97
1449.37
1456.6
1463.68
1470.59
1477.34
1483.93
1490.34
1496.59
1502.67
1508.58
1514.31
1519.87
1525.26
1530.47
1535.49
1540.34
1545.01
1549.5
1553.8
1557.92
1561.85
1565.6
1569.16
1572.53
1575.72
1578.71
1581.51
1584.12
1586.54
1588.77
1590.8
1592.64
1594.29
1595.74
1596.99
1598.05
1598.91
1599.57
1600.02
1600.28
