Parameters (omega ignored when numberOfElectrons = 1):
n: 200
numberOfElectrons: 2
rhoFinal: 50
omega: 0.25
Tolerance: 1e-10
Iterations needed: 54575
Calculation time; 3.33084

Eigenvalues
1.24879
2.18456
3.13673
4.09574
5.05729
6.01915
6.97999
7.93899
8.89559
9.8494
10.8001
11.7476
12.6915
13.6318
14.5684
15.5012
16.4299
17.3547
18.2754
19.1919
20.1042
21.0122
21.9159
22.8152
23.71
24.6003
25.4861
26.3672
27.2437
28.1154
28.9824
29.8446
30.7019
31.5542
32.4015
33.2438
34.081
34.913
35.7397
36.5611
37.3772
38.1878
38.9929
39.7924
40.5862
41.3743
42.1565
42.9328
43.7031
44.4673
45.2252
45.9768
46.722
47.4606
48.1925
48.9176
49.6358
50.3468
51.0506
51.7469
52.4356
53.1165
53.7893
54.4539
55.11
55.7572
56.3954
57.0241
57.643
58.2517
58.8496
59.4363
60.0111
60.5732
61.1217
61.6556
62.1734
62.6734
63.1528
63.6076
64.0273
64.3891
64.7235
65.1179
65.5666
66.0486
66.5557
67.0838
67.6307
68.1947
68.7745
69.3692
69.9781
70.6005
71.236
71.884
72.5442
73.2163
73.8999
74.5948
75.3008
76.0177
76.7452
77.4833
78.2317
78.9903
79.759
80.5376
81.3261
82.1243
82.9322
83.7496
84.5765
85.4128
86.2584
87.1133
87.9774
88.8507
89.733
90.6244
91.5247
92.434
93.3521
94.2791
95.215
96.1596
97.1129
98.075
99.0457
100.025
101.013
102.01
103.015
104.028
105.05
106.081
107.12
108.168
109.224
110.288
111.361
112.442
113.531
114.629
115.735
116.85
117.972
119.103
120.243
121.39
122.546
123.71
124.882
126.062
127.251
128.448
129.653
130.866
132.087
133.316
134.554
135.799
137.053
138.315
139.585
140.863
142.149
143.443
144.745
146.056
147.374
148.701
150.037
151.384
152.745
154.127
155.541
156.996
158.5
160.061
161.68
163.362
165.108
166.92
168.802
170.758
172.791
174.907
177.115
179.421
181.836
184.374
187.051
189.89
192.921
196.185
199.746
203.712
208.286
213.995
