Parameters (omega ignored when numberOfElectrons = 1):
n: 200
numberOfElectrons: 2
rhoFinal: 10
omega: 0.5
Tolerance: 1e-10
Iterations needed: 69200
Calculation time; 2.75757

Eigenvalues
2.22992
4.13356
6.07171
8.02673
9.99135
11.9619
13.9365
15.9138
17.8938
19.8816
21.9019
24.0148
26.2923
28.7763
31.4766
34.3898
37.5101
40.8325
44.3529
48.0681
51.9755
56.0729
60.3582
64.8298
69.4858
74.3248
79.3451
84.5453
89.9238
95.4791
101.21
107.114
113.191
119.438
125.854
132.438
139.187
146.101
153.176
160.413
167.807
175.359
183.066
190.926
198.937
207.097
215.405
223.857
232.453
241.189
250.065
259.077
268.223
277.502
286.91
296.447
306.108
315.892
325.797
335.82
345.959
356.21
366.573
377.043
387.619
398.298
409.077
419.954
430.926
441.991
453.145
464.386
475.711
487.118
498.603
510.165
521.799
533.503
545.275
557.111
569.009
580.965
592.977
605.042
617.156
629.318
641.523
653.769
666.054
678.373
690.724
703.104
715.51
727.938
740.387
752.852
765.331
777.82
790.317
802.819
815.322
827.824
840.321
852.811
865.289
877.754
890.202
902.631
915.036
927.416
939.766
952.085
964.368
976.614
988.819
1000.98
1013.09
1025.16
1037.17
1049.12
1061.02
1072.86
1084.63
1096.33
1107.96
1119.52
1131.01
1142.41
1153.74
1164.97
1176.13
1187.19
1198.16
1209.04
1219.81
1230.49
1241.06
1251.53
1261.89
1272.14
1282.28
1292.3
1302.2
1311.98
1321.64
1331.18
1340.58
1349.86
1359
1368.01
1376.88
1385.62
1394.21
1402.66
1410.96
1419.12
1427.13
1434.98
1442.69
1450.23
1457.62
1464.86
1471.93
1478.84
1485.58
1492.16
1498.57
1504.81
1510.89
1516.78
1522.51
1528.06
1533.43
1538.63
1543.64
1548.48
1553.13
1557.6
1561.88
1565.97
1569.88
1573.59
1577.11
1580.44
1583.57
1586.5
1589.22
1591.74
1594.04
1596.12
1597.95
1599.49
1600.66
1601.86
1603.48
1605.49
1607.88
1610.73
1614.2
1618.76
