Parameters (omega ignored when numberOfElectrons = 1):
n: 200
numberOfElectrons: 2
rhoFinal: 2
omega: 1
Tolerance: 1e-10
Iterations needed: 73194
Calculation time; 3.13211

Eigenvalues
4.78031
12.5959
25.0375
42.2847
64.3704
91.3041
123.086
159.714
201.181
247.479
298.597
354.525
415.25
480.756
551.029
626.052
705.806
790.273
879.432
973.261
1071.74
1174.84
1282.54
1394.81
1511.63
1632.96
1758.78
1889.06
2023.76
2162.85
2306.3
2454.08
2606.14
2762.45
2922.97
3087.66
3256.49
3429.41
3606.37
3787.34
3972.27
4161.12
4353.84
4550.38
4750.7
4954.74
5162.46
5373.8
5588.72
5807.16
6029.06
6254.38
6483.06
6715.04
6950.27
7188.69
7430.23
7674.85
7922.48
8173.07
8426.54
8682.84
8941.9
9203.67
9468.08
9735.06
10004.5
10276.5
10550.8
10827.4
11106.3
11387.3
11670.4
11955.6
12242.7
12531.8
12822.6
13115.2
13409.5
13705.5
14002.9
14301.8
14602.1
14903.7
15206.6
15510.7
15815.8
16122
16429.1
16737.1
17045.8
17355.4
17665.5
17976.2
18287.5
18599.1
18911.1
19223.3
19535.8
19848.3
20160.9
20473.5
20785.9
21098.2
21410.1
21721.8
22033
22343.7
22653.9
22963.4
23272.2
23580.1
23887.3
24193.4
24498.5
24802.6
25105.5
25407.1
25707.4
26006.3
26303.7
26599.6
26893.9
27186.5
27477.4
27766.4
28053.5
28338.7
28621.8
28902.9
29181.7
29458.3
29732.6
30004.5
30274
30541
30805.4
31067.1
31326.2
31582.5
31836
32086.5
32334.1
32578.7
32820.3
33058.7
33293.9
33525.9
33754.5
33979.8
34201.7
34420.2
34635.1
34846.4
35054.1
35258.1
35458.4
35654.9
35847.6
36036.4
36221.4
36402.3
36579.3
36752.1
36920.9
37085.6
37246.1
37402.4
37554.4
37702.2
37845.6
37984.7
38119.3
38249.6
38375.4
38496.6
38613.4
38725.7
38833.3
38936.4
39034.8
39128.6
39217.7
39302.1
39381.8
39456.8
39527
39592.4
39653
39708.9
39759.9
39806.1
39847.4
39883.9
39915.6
39942.3
39964.2
39981.1
39993.1
39999.9
