Parameters (omega ignored when numberOfElectrons = 1):
n: 200
numberOfElectrons: 2
rhoFinal: 10
omega: 10
Tolerance: 1e-10
Iterations needed: 45181
Calculation time; 1.6435

Eigenvalues
33.4114
72.5535
111.678
150.646
189.41
227.945
266.238
304.28
342.063
379.581
416.83
453.805
490.501
526.914
563.038
598.871
634.407
669.642
704.57
739.187
773.488
807.467
841.118
874.436
907.414
940.045
972.323
1004.24
1035.79
1066.96
1097.74
1128.12
1158.1
1187.65
1216.77
1245.45
1273.66
1301.39
1328.62
1355.32
1381.48
1407.06
1432.02
1456.33
1479.92
1502.74
1524.7
1545.66
1565.44
1583.74
1600.52
1617.09
1635.1
1654.77
1675.81
1698
1721.21
1745.35
1770.35
1796.17
1822.76
1850.09
1878.14
1906.88
1936.3
1966.38
1997.11
2028.47
2060.46
2093.05
2126.26
2160.06
2194.45
2229.43
2264.99
2301.12
2337.82
2375.09
2412.92
2451.31
2490.25
2529.74
2569.78
2610.37
2651.5
2693.17
2735.39
2778.14
2821.42
2865.24
2909.59
2954.47
2999.88
3045.82
3092.28
3139.27
3186.79
3234.83
3283.39
3332.47
3382.07
3432.19
3482.83
3533.99
3585.67
3637.86
3690.57
3743.79
3797.53
3851.78
3906.54
3961.82
4017.62
4073.92
4130.74
4188.06
4245.9
4304.25
4363.11
4422.48
4482.36
4542.74
4603.64
4665.05
4726.96
4789.38
4852.31
4915.75
4979.69
5044.14
5109.1
5174.57
5240.54
5307.02
5374
5441.49
5509.49
5577.99
5646.99
5716.5
5786.52
5857.04
5928.07
5999.6
6071.64
6144.18
6217.22
6290.77
6364.82
6439.38
6514.44
6590
6666.07
6742.64
6819.72
6897.3
6975.38
7053.96
7133.05
7212.64
7292.73
7373.33
7454.43
7536.03
7618.14
7700.75
7783.86
7867.47
7951.58
8036.2
8121.32
8206.94
8293.07
8379.69
8466.82
8554.45
8642.59
8731.22
8820.36
8910
9000.14
9090.78
9181.92
9273.57
9365.71
9458.36
9551.52
9645.19
9739.48
9834.76
9932.19
10034
10142.7
10260.5
10389.2
10530.8
10687.9
10865.5
11073.1
11335.5
