Parameters (omega ignored when numberOfElectrons = 1):
n: 200
numberOfElectrons: 2
rhoFinal: 10
omega: 0.1
Tolerance: 1e-10
Iterations needed: 70423
Calculation time; 2.89319

Eigenvalues
0.601504
1.0107
1.54831
2.26302
3.16599
4.25952
5.54451
7.02142
8.69041
10.5515
12.6044
14.8489
17.2847
19.9111
22.7278
25.7341
28.9292
32.3125
35.8833
39.6406
43.5836
47.7113
52.0228
56.517
61.1928
66.0492
71.085
76.2988
81.6896
87.2558
92.9964
98.9097
104.994
111.249
117.672
124.262
131.017
137.935
145.016
152.256
159.655
167.211
174.921
182.785
190.799
198.962
207.272
215.727
224.325
233.064
241.941
250.955
260.104
269.384
278.794
288.332
297.995
307.781
317.687
327.711
337.851
348.104
358.467
368.939
379.516
390.196
400.976
411.854
422.827
433.892
445.047
456.289
467.615
479.023
490.509
502.071
513.706
525.411
537.183
549.02
560.918
572.875
584.888
596.953
609.068
621.23
633.436
645.683
657.968
670.287
682.639
695.019
707.426
719.855
732.304
744.77
757.249
769.739
782.237
794.739
807.243
819.745
832.242
844.732
857.211
869.677
882.126
894.554
906.96
919.34
931.691
944.01
956.295
968.541
980.746
992.907
1005.02
1017.09
1029.1
1041.05
1052.95
1064.79
1076.56
1088.26
1099.9
1111.46
1122.94
1134.35
1145.67
1156.91
1168.07
1179.13
1190.1
1200.98
1211.76
1222.43
1233.01
1243.48
1253.84
1264.09
1274.23
1284.25
1294.15
1303.94
1313.6
1323.13
1332.54
1341.82
1350.96
1359.97
1368.85
1377.58
1386.18
1394.63
1402.94
1411.1
1419.11
1426.97
1434.67
1442.22
1449.62
1456.85
1463.93
1470.84
1477.59
1484.18
1490.6
1496.85
1502.93
1508.83
1514.57
1520.13
1525.51
1530.72
1535.75
1540.6
1545.26
1549.75
1554.05
1558.17
1562.11
1565.85
1569.41
1572.79
1575.97
1578.96
1581.77
1584.38
1586.8
1589.02
1591.06
1592.9
1594.54
1595.99
1597.25
1598.3
1599.16
1599.82
1600.26
1600.47
