Parameters (omega ignored when numberOfElectrons = 1):
n: 200
numberOfElectrons: 2
rhoFinal: 2
omega: 0.1
Tolerance: 1e-10
Iterations needed: 73171
Calculation time; 3.19645

Eigenvalues
3.619
11.304
23.7259
40.9657
63.0475
89.9787
121.759
158.386
199.852
246.149
297.267
353.195
413.919
479.425
549.698
624.72
704.474
788.941
878.1
971.929
1070.41
1173.51
1281.21
1393.48
1510.29
1631.63
1757.45
1887.72
2022.43
2161.52
2304.97
2452.74
2604.8
2761.11
2921.64
3086.33
3255.16
3428.07
3605.04
3786.01
3970.94
4159.79
4352.51
4549.05
4749.36
4953.41
5161.12
5372.47
5587.38
5805.82
6027.73
6253.05
6481.73
6713.71
6948.94
7187.35
7428.9
7673.52
7921.15
8171.73
8425.2
8681.5
8940.57
9202.34
9466.74
9733.72
10003.2
10275.1
10549.5
10826.1
11104.9
11386
11669.1
11954.3
12241.4
12530.4
12821.3
13113.9
13408.2
13704.1
14001.6
14300.5
14600.8
14902.4
15205.3
15509.3
15814.5
16120.6
16427.7
16735.7
17044.5
17354
17664.2
17974.9
18286.1
18597.8
18909.7
19222
19534.4
19847
20159.6
20472.1
20784.6
21096.8
21408.8
21720.4
22031.7
22342.4
22652.5
22962
23270.8
23578.8
23885.9
24192.1
24497.2
24801.3
25104.1
25405.7
25706
26005
26302.4
26598.3
26892.6
27185.2
27476.1
27765.1
28052.2
28337.4
28620.5
28901.5
29180.4
29457
29731.3
30003.2
30272.7
30539.7
30804.1
31065.8
31324.9
31581.2
31834.6
32085.2
32332.8
32577.4
32819
33057.4
33292.6
33524.5
33753.2
33978.5
34200.4
34418.8
34633.7
34845
35052.7
35256.8
35457.1
35653.6
35846.3
36035.1
36220
36401
36577.9
36750.8
36919.6
37084.3
37244.8
37401.1
37553.1
37700.8
37844.3
37983.3
38118
38248.2
38374
38495.3
38612.1
38724.3
38832
38935
39033.5
39127.2
39216.4
39300.8
39380.5
39455.4
39525.6
39591.1
39651.7
39707.5
39758.6
39804.8
39846.1
39882.6
39914.2
39941
39962.8
39979.8
39991.8
39998.8
