Parameters (omega ignored when numberOfElectrons = 1):
n: 200
numberOfElectrons: 2
rhoFinal: 2
omega: 0.05
Tolerance: 1e-10
Iterations needed: 73159
Calculation time; 3.04216

Eigenvalues
3.60968
11.2943
23.7161
40.9557
63.0375
89.9687
121.749
158.376
199.842
246.139
297.257
353.185
413.909
479.415
549.688
624.71
704.464
788.931
878.09
971.919
1070.4
1173.5
1281.2
1393.47
1510.28
1631.62
1757.44
1887.71
2022.42
2161.51
2304.96
2452.73
2604.79
2761.1
2921.63
3086.32
3255.15
3428.06
3605.03
3786
3970.93
4159.78
4352.5
4549.04
4749.35
4953.39
5161.11
5372.46
5587.37
5805.81
6027.72
6253.04
6481.72
6713.7
6948.93
7187.34
7428.89
7673.51
7921.14
8171.72
8425.19
8681.49
8940.56
9202.33
9466.73
9733.71
10003.2
10275.1
10549.4
10826.1
11104.9
11385.9
11669.1
11954.3
12241.4
12530.4
12821.3
13113.9
13408.2
13704.1
14001.6
14300.5
14600.8
14902.4
15205.3
15509.3
15814.5
16120.6
16427.7
16735.7
17044.5
17354
17664.2
17974.9
18286.1
18597.7
18909.7
19222
19534.4
19847
20159.6
20472.1
20784.6
21096.8
21408.8
21720.4
22031.7
22342.4
22652.5
22962
23270.8
23578.8
23885.9
24192.1
24497.2
24801.2
25104.1
25405.7
25706
26004.9
26302.4
26598.3
26892.6
27185.2
27476
27765.1
28052.2
28337.4
28620.5
28901.5
29180.4
29457
29731.3
30003.2
30272.7
30539.7
30804
31065.8
31324.9
31581.2
31834.6
32085.2
32332.8
32577.4
32818.9
33057.3
33292.6
33524.5
33753.2
33978.5
34200.4
34418.8
34633.7
34845
35052.7
35256.8
35457.1
35653.6
35846.3
36035.1
36220
36401
36577.9
36750.8
36919.6
37084.3
37244.8
37401.1
37553.1
37700.8
37844.2
37983.3
38118
38248.2
38374
38495.3
38612.1
38724.3
38832
38935
39033.5
39127.2
39216.3
39300.8
39380.4
39455.4
39525.6
39591
39651.7
39707.5
39758.6
39804.8
39846.1
39882.6
39914.2
39941
39962.8
39979.8
39991.8
39998.8
