Parameters (omega ignored when numberOfElectrons = 1):
n: 200
numberOfElectrons: 2
rhoFinal: 10
omega: 2.5
Tolerance: 1e-10
Iterations needed: 66610
Calculation time; 2.61702

Eigenvalues
9.2059
18.9321
28.7473
38.5937
48.4504
58.3074
68.1597
78.0041
87.8385
97.6615
107.472
117.27
127.054
136.824
146.579
156.32
166.046
175.757
185.452
195.132
204.796
214.445
224.077
233.694
243.295
252.879
262.448
271.999
281.535
291.054
300.557
310.042
319.512
328.964
338.4
347.819
357.22
366.605
375.973
385.324
394.657
403.973
413.272
422.554
431.818
441.064
450.293
459.505
468.698
477.874
487.033
496.173
505.295
514.4
523.486
532.554
541.605
550.637
559.652
568.652
577.641
586.632
595.647
604.718
613.888
623.193
632.661
642.304
652.125
662.117
672.27
682.577
693.025
703.608
714.315
725.139
736.074
747.112
758.248
769.475
780.789
792.185
803.656
815.2
826.81
838.483
850.215
862.001
873.836
885.718
897.642
909.604
921.6
933.627
945.68
957.756
969.851
981.962
994.084
1006.22
1018.35
1030.49
1042.62
1054.75
1066.87
1078.97
1091.06
1103.12
1115.17
1127.18
1139.17
1151.12
1163.03
1174.9
1186.73
1198.5
1210.23
1221.9
1233.51
1245.05
1256.53
1267.94
1279.28
1290.54
1301.72
1312.82
1323.82
1334.74
1345.56
1356.28
1366.9
1377.41
1387.81
1398.09
1408.26
1418.3
1428.21
1438
1447.64
1457.14
1466.5
1475.71
1484.75
1493.64
1502.35
1510.89
1519.25
1527.41
1535.38
1543.13
1550.66
1557.95
1564.99
1571.76
1578.23
1584.37
1590.11
1595.36
1600.01
1604.44
1609.37
1614.9
1620.93
1627.37
1634.17
1641.33
1648.82
1656.62
1664.75
1673.18
1681.92
1690.97
1700.34
1710.02
1720.03
1730.36
1741.04
1752.06
1763.45
1775.22
1787.38
1799.95
1812.95
1826.41
1840.35
1854.82
1869.84
1885.47
1901.75
1918.76
1936.56
1955.27
1975.01
1995.93
2018.26
2042.32
2068.57
2097.8
2131.51
2173.59
