Parameters (omega ignored when numberOfElectrons = 1):
n: 200
numberOfElectrons: 2
rhoFinal: 2
omega: 0.01
Tolerance: 1e-10
Iterations needed: 73166
Calculation time; 3.02469

Eigenvalues
3.6067
11.2912
23.7129
40.9526
63.0343
89.9655
121.746
158.373
199.839
246.136
297.254
353.181
413.905
479.412
549.684
624.707
704.461
788.928
878.087
971.916
1070.39
1173.49
1281.19
1393.46
1510.28
1631.61
1757.43
1887.71
2022.41
2161.51
2304.96
2452.73
2604.79
2761.1
2921.62
3086.32
3255.14
3428.06
3605.02
3786
3970.93
4159.78
4352.49
4549.03
4749.35
4953.39
5161.11
5372.45
5587.37
5805.81
6027.72
6253.04
6481.71
6713.7
6948.92
7187.34
7428.89
7673.51
7921.14
8171.72
8425.19
8681.49
8940.56
9202.32
9466.73
9733.71
10003.2
10275.1
10549.4
10826.1
11104.9
11385.9
11669.1
11954.3
12241.4
12530.4
12821.3
13113.9
13408.2
13704.1
14001.6
14300.5
14600.8
14902.4
15205.3
15509.3
15814.5
16120.6
16427.7
16735.7
17044.5
17354
17664.2
17974.9
18286.1
18597.7
18909.7
19222
19534.4
19847
20159.6
20472.1
20784.6
21096.8
21408.8
21720.4
22031.7
22342.4
22652.5
22962
23270.8
23578.8
23885.9
24192.1
24497.2
24801.2
25104.1
25405.7
25706
26004.9
26302.4
26598.3
26892.6
27185.2
27476
27765.1
28052.2
28337.4
28620.5
28901.5
29180.4
29457
29731.3
30003.2
30272.7
30539.6
30804
31065.8
31324.9
31581.1
31834.6
32085.2
32332.8
32577.4
32818.9
33057.3
33292.6
33524.5
33753.2
33978.5
34200.4
34418.8
34633.7
34845
35052.7
35256.8
35457.1
35653.6
35846.3
36035.1
36220
36401
36577.9
36750.8
36919.6
37084.3
37244.8
37401
37553.1
37700.8
37844.2
37983.3
38118
38248.2
38374
38495.3
38612.1
38724.3
38832
38935
39033.5
39127.2
39216.3
39300.7
39380.4
39455.4
39525.6
39591
39651.7
39707.5
39758.6
39804.7
39846.1
39882.6
39914.2
39941
39962.8
39979.8
39991.8
39998.8
