Parameters (omega ignored when numberOfElectrons = 1):
n: 200
numberOfElectrons: 2
rhoFinal: 10
omega: 0.25
Tolerance: 1e-10
Iterations needed: 70153
Calculation time; 2.58715

Eigenvalues
1.24995
2.1899
3.15009
4.12326
5.12387
6.21081
7.45807
8.90095
10.5449
12.3881
14.4279
16.6627
19.0909
21.7115
24.5236
27.5261
30.7181
34.0989
37.6676
41.4231
45.3645
49.4909
53.8013
58.2945
62.9695
67.8251
72.8602
78.0734
83.4636
89.0294
94.7695
100.682
106.767
113.021
119.444
126.033
132.788
139.706
146.787
154.027
161.426
168.981
176.692
184.555
192.569
200.732
209.042
217.497
226.095
234.833
243.711
252.725
261.873
271.153
280.563
290.101
299.764
309.55
319.456
329.48
339.62
349.872
360.236
370.707
381.284
391.964
402.745
413.622
424.595
435.661
446.816
458.058
469.384
480.791
492.277
503.839
515.474
527.179
538.951
550.788
562.686
574.643
586.656
598.721
610.836
622.998
635.204
647.451
659.736
672.055
684.407
696.787
709.193
721.623
734.071
746.537
759.016
771.507
784.004
796.506
809.01
821.512
834.01
846.5
858.979
871.444
883.893
896.322
908.728
921.108
933.459
945.778
958.062
970.308
982.513
994.674
1006.79
1018.85
1030.87
1042.82
1054.72
1066.55
1078.33
1090.03
1101.66
1113.22
1124.71
1136.11
1147.44
1158.68
1169.83
1180.9
1191.87
1202.74
1213.52
1224.2
1234.77
1245.24
1255.61
1265.86
1275.99
1286.02
1295.92
1305.7
1315.36
1324.9
1334.31
1343.58
1352.73
1361.74
1370.61
1379.35
1387.94
1396.39
1404.7
1412.86
1420.87
1428.73
1436.44
1443.99
1451.38
1458.62
1465.69
1472.61
1479.36
1485.94
1492.36
1498.61
1504.69
1510.59
1516.33
1521.89
1527.27
1532.48
1537.51
1542.35
1547.02
1551.51
1555.81
1559.93
1563.86
1567.6
1571.16
1574.53
1577.71
1580.7
1583.5
1586.11
1588.52
1590.74
1592.76
1594.58
1596.21
1597.63
1598.84
1599.81
1600.47
1601.14
1602.24
1603.88
