Parameters (omega ignored when numberOfElectrons = 1):
n: 200
numberOfElectrons: 2
rhoFinal: 2
omega: 2.5
Tolerance: 1e-10
Iterations needed: 73285
Calculation time; 3.07397

Eigenvalues
9.22985
19.4974
32.3405
49.5403
71.5667
98.4619
130.22
166.832
208.288
254.578
305.691
361.615
422.336
487.84
558.111
633.132
712.885
797.351
886.509
980.338
1078.81
1181.91
1289.61
1401.88
1518.7
1640.03
1765.85
1896.13
2030.83
2169.92
2313.38
2461.15
2613.21
2769.52
2930.04
3094.73
3263.56
3436.48
3613.44
3794.41
3979.34
4168.19
4360.91
4557.45
4757.77
4961.81
5169.53
5380.87
5595.79
5814.23
6036.13
6261.45
6490.13
6722.11
6957.34
7195.76
7437.3
7681.92
7929.55
8180.14
8433.61
8689.91
8948.97
9210.74
9475.15
9742.13
10011.6
10283.5
10557.9
10834.5
11113.3
11394.4
11677.5
11962.7
12249.8
12538.8
12829.7
13122.3
13416.6
13712.5
14010
14308.9
14609.2
14910.8
15213.7
15517.7
15822.9
16129
16436.1
16744.1
17052.9
17362.4
17672.6
17983.3
18294.5
18606.2
18918.1
19230.4
19542.8
19855.4
20168
20480.5
20793
21105.2
21417.2
21728.8
22040.1
22350.8
22660.9
22970.4
23279.2
23587.2
23894.3
24200.5
24505.6
24809.7
25112.5
25414.1
25714.4
26013.4
26310.8
26606.7
26901
27193.6
27484.5
27773.5
28060.6
28345.8
28628.9
28909.9
29188.8
29465.4
29739.7
30011.6
30281.1
30548.1
30812.5
31074.2
31333.3
31589.6
31843
32093.6
32341.2
32585.8
32827.4
33065.8
33301
33532.9
33761.6
33986.9
34208.8
34427.2
34642.1
34853.4
35061.1
35265.2
35465.5
35662
35854.7
36043.5
36228.4
36409.4
36586.3
36759.2
36928
37092.7
37253.2
37409.5
37561.5
37709.2
37852.7
37991.7
38126.4
38256.6
38382.4
38503.7
38620.5
38732.7
38840.4
38943.4
39041.9
39135.6
39224.7
39309.2
39388.8
39463.8
39534
39599.4
39660.1
39715.9
39766.9
39813.1
39854.4
39890.9
39922.5
39949.2
39970.9
39987.6
39998.9
40008.4
