Parameters (omega ignored when numberOfElectrons = 1):
n: 200
numberOfElectrons: 2
rhoFinal: 2
omega: 0.5
Tolerance: 1e-10
Iterations needed: 72889
Calculation time; 3.06977

Eigenvalues
3.91294
11.6142
24.0416
41.284
63.3672
90.2993
122.081
158.708
200.174
246.471
297.59
353.517
414.241
479.748
550.02
625.043
704.797
789.264
878.423
972.252
1070.73
1173.83
1281.53
1393.8
1510.62
1631.95
1757.77
1888.05
2022.75
2161.84
2305.29
2453.07
2605.13
2761.44
2921.96
3086.65
3255.48
3428.4
3605.36
3786.33
3971.26
4160.11
4352.83
4549.37
4749.69
4953.73
5161.45
5372.79
5587.71
5806.15
6028.05
6253.37
6482.05
6714.03
6949.26
7187.68
7429.22
7673.84
7921.47
8172.06
8425.53
8681.83
8940.89
9202.66
9467.07
9734.05
10003.5
10275.5
10549.8
10826.4
11105.2
11386.3
11669.4
11954.6
12241.7
12530.8
12821.6
13114.2
13408.5
13704.4
14001.9
14300.8
14601.1
14902.7
15205.6
15509.6
15814.8
16121
16428.1
16736.1
17044.8
17354.3
17664.5
17975.2
18286.4
18598.1
18910.1
19222.3
19534.8
19847.3
20159.9
20472.5
20784.9
21097.1
21409.1
21720.8
22032
22342.7
22652.9
22962.4
23271.1
23579.1
23886.2
24192.4
24497.5
24801.6
25104.4
25406.1
25706.4
26005.3
26302.7
26598.6
26892.9
27185.5
27476.4
27765.4
28052.5
28337.7
28620.8
28901.9
29180.7
29457.3
29731.6
30003.5
30273
30540
30804.4
31066.1
31325.2
31581.5
31834.9
32085.5
32333.1
32577.7
32819.3
33057.7
33292.9
33524.9
33753.5
33978.8
34200.7
34419.1
34634
34845.4
35053.1
35257.1
35457.4
35653.9
35846.6
36035.4
36220.3
36401.3
36578.2
36751.1
36919.9
37084.6
37245.1
37401.4
37553.4
37701.2
37844.6
37983.6
38118.3
38248.6
38374.3
38495.6
38612.4
38724.6
38832.3
38935.4
39033.8
39127.6
39216.7
39301.1
39380.8
39455.7
39525.9
39591.4
39652
39707.9
39758.9
39805.1
39846.4
39882.9
39914.6
39941.3
39963.2
39980.1
39992.1
39999.1
